                                                       2172conf_1.sum LIDI values in a Matrix 
                                                    Note the DI values are divided by 2

          O1        C2        O3        C4        S5        H6        H7        H8        H9        

O1    8.1323068 0.6903304 0.1497471 0.0572645 0.0155140 0.0067435 0.0119229 0.0094277 0.0011563
C2    0.6903304 2.9193269 0.4437409 0.4696764 0.0337754 0.0078161 0.0226738 0.0199224 0.0012547
O3    0.1497471 0.4437409 8.0545447 0.0348939 0.0461659 0.3205389 0.0032461 0.0046260 0.0012981
C4    0.0572645 0.4696764 0.0348939 3.9961158 0.5597895 0.0040650 0.4515172 0.4626792 0.0189069
S5    0.0155140 0.0337754 0.0461659 0.5597895 14.7559212 0.0011474 0.0260271 0.0289271 0.5325972
H6    0.0067435 0.0078161 0.3205389 0.0040650 0.0011474 0.0759941 0.0004821 0.0002508 0.0000165
H7    0.0119229 0.0226738 0.0032461 0.4515172 0.0260271 0.0004821 0.3588543 0.0132108 0.0057020
H8    0.0094277 0.0199224 0.0046260 0.4626792 0.0289271 0.0002508 0.0132108 0.3704419 0.0024302
H9    0.0011563 0.0012547 0.0012981 0.0189069 0.5325972 0.0000165 0.0057020 0.0024302 0.4177643
