                                                       3628conf_1.sum LIDI values in a Matrix 
                                                    Note the DI values are divided by 2

          C1        C2        C3        C4        C5        C6        C7        C8        C9        C10       C11       C12       O13       C14       O15       C16       C17       S18       C19       C20       C21       O22       O23       C24       C25       C26       C27       C28       C29       C30       C31       C32       C33       C34       C35       H36       H37       H38       H39       H40       H41       H42       H43       H44       H45       H46       H47       H48       H49       H50       H51       H52       H53       H54       H55       H56       H57       H58       H59       H60       H61       H62       H63       H64       H65       H66       H67       H68       H69       H70       H71       H72       H73       H74       H75       H76       H77       H78       H79       H80       H81       H82       H83       H84       H85       H86       H87       H88       H89       H90       H91       H92       H93       

C1    3.9648052 0.4835374 0.0292212 0.0059977 0.0004521 0.0013347 0.0001536 0.0000525 0.0000066 0.0000027 0.0000015 0.0000003 0.0000002 0.0000000 0.0000001 0.0000000 0.0000000 0.0000001 0.0000000 0.0000000 0.0000000 0.0000000 0.0000000 0.0000000 0.0000000 0.0000000 0.0000000 0.0000000 0.0000000 0.0000000 0.0000000 0.0000000 0.0000000 0.0000000 0.0000000 0.4804260 0.4835325 0.4751266 0.0243222 0.0203180 0.0094475 0.0063495 0.0011893 0.0004364 0.0001041 0.0001116 0.0016581 0.0000873 0.0000190 0.0000104 0.0000038 0.0000186 0.0000024 0.0000058 0.0000003 0.0000002 0.0000015 0.0000002 0.0000002 0.0000001 0.0000000 0.0000000 0.0000000 0.0000000 0.0000000 0.0000000 0.0000000 0.0000000 0.0000000 0.0000000 0.0000000 0.0000000 0.0000000 0.0000000 0.0000000 0.0000000 0.0000000 0.0000000 0.0000000 0.0000000 0.0000000 0.0000000 0.0000000 0.0000000 0.0000000 0.0000000 0.0000000 0.0000000 0.0000000 0.0000000 0.0000000 0.0000000 0.0000000
C2    0.4835374 3.8736497 0.4995527 0.0216003 0.0032328 0.0082313 0.0006824 0.0002283 0.0000189 0.0000046 0.0000046 0.0000011 0.0000002 0.0000000 0.0000001 0.0000000 0.0000000 0.0000000 0.0000000 0.0000000 0.0000000 0.0000000 0.0000000 0.0000000 0.0000000 0.0000000 0.0000000 0.0000000 0.0000000 0.0000000 0.0000000 0.0000000 0.0000000 0.0000000 0.0000000 0.0209916 0.0225782 0.0221930 0.4556827 0.4729474 0.0201142 0.0226413 0.0069486 0.0030467 0.0006385 0.0003325 0.0147189 0.0006352 0.0000824 0.0000769 0.0000139 0.0000601 0.0000039 0.0000140 0.0000008 0.0000004 0.0000040 0.0000003 0.0000004 0.0000001 0.0000000 0.0000000 0.0000000 0.0000000 0.0000000 0.0000000 0.0000000 0.0000000 0.0000000 0.0000000 0.0000000 0.0000000 0.0000000 0.0000000 0.0000000 0.0000000 0.0000000 0.0000000 0.0000000 0.0000000 0.0000000 0.0000000 0.0000000 0.0000000 0.0000000 0.0000000 0.0000000 0.0000000 0.0000000 0.0000000 0.0000000 0.0000000 0.0000000
C3    0.0292212 0.4995527 3.8652348 0.5054004 0.0226194 0.0021150 0.0002158 0.0000461 0.0002514 0.0000463 0.0000121 0.0000040 0.0000018 0.0000002 0.0000003 0.0000001 0.0000000 0.0000001 0.0000000 0.0000000 0.0000000 0.0000000 0.0000000 0.0000000 0.0000000 0.0000000 0.0000000 0.0000000 0.0000000 0.0000000 0.0000000 0.0000000 0.0000000 0.0000000 0.0000000 0.0049509 0.0055651 0.0073699 0.0220496 0.0192969 0.4598496 0.4533142 0.0233234 0.0222398 0.0049077 0.0050134 0.0011433 0.0003134 0.0000444 0.0000479 0.0000071 0.0000070 0.0000739 0.0002318 0.0000019 0.0000020 0.0000012 0.0000003 0.0000002 0.0000002 0.0000001 0.0000000 0.0000000 0.0000000 0.0000000 0.0000000 0.0000000 0.0000000 0.0000000 0.0000000 0.0000000 0.0000000 0.0000000 0.0000000 0.0000000 0.0000000 0.0000000 0.0000000 0.0000000 0.0000000 0.0000000 0.0000000 0.0000000 0.0000000 0.0000000 0.0000000 0.0000000 0.0000000 0.0000000 0.0000000 0.0000000 0.0000000 0.0000000
C4    0.0059977 0.0216003 0.5054004 3.8727512 0.4967539 0.0223670 0.0053229 0.0002131 0.0007880 0.0001608 0.0000305 0.0000083 0.0000043 0.0000004 0.0000007 0.0000002 0.0000000 0.0000002 0.0000000 0.0000000 0.0000000 0.0000000 0.0000000 0.0000000 0.0000000 0.0000000 0.0000000 0.0000000 0.0000000 0.0000000 0.0000000 0.0000000 0.0000000 0.0000000 0.0000000 0.0003950 0.0014641 0.0007446 0.0013358 0.0032384 0.0214012 0.0215413 0.4630307 0.4616080 0.0205365 0.0221250 0.0023677 0.0045180 0.0011168 0.0005254 0.0000300 0.0001106 0.0005280 0.0005088 0.0000054 0.0000101 0.0000114 0.0000021 0.0000007 0.0000010 0.0000001 0.0000000 0.0000000 0.0000000 0.0000000 0.0000000 0.0000000 0.0000000 0.0000000 0.0000000 0.0000000 0.0000000 0.0000000 0.0000000 0.0000000 0.0000000 0.0000000 0.0000000 0.0000000 0.0000000 0.0000000 0.0000000 0.0000000 0.0000000 0.0000000 0.0000000 0.0000000 0.0000000 0.0000000 0.0000000 0.0000000 0.0000000 0.0000000
C5    0.0004521 0.0032328 0.0226194 0.4967539 3.8691707 0.4998319 0.0229232 0.0019668 0.0083350 0.0011385 0.0002676 0.0000779 0.0000328 0.0000032 0.0000038 0.0000010 0.0000003 0.0000014 0.0000002 0.0000000 0.0000000 0.0000000 0.0000000 0.0000000 0.0000000 0.0000000 0.0000000 0.0000000 0.0000000 0.0000000 0.0000000 0.0000000 0.0000000 0.0000000 0.0000000 0.0002202 0.0000649 0.0000530 0.0018051 0.0003653 0.0066209 0.0046078 0.0208847 0.0205255 0.4564100 0.4518876 0.0177406 0.0235330 0.0059793 0.0060597 0.0003650 0.0003214 0.0043289 0.0072590 0.0000403 0.0000820 0.0000268 0.0000093 0.0000027 0.0000047 0.0000005 0.0000001 0.0000001 0.0000001 0.0000000 0.0000001 0.0000000 0.0000000 0.0000000 0.0000000 0.0000000 0.0000000 0.0000000 0.0000000 0.0000000 0.0000000 0.0000000 0.0000000 0.0000000 0.0000000 0.0000000 0.0000000 0.0000000 0.0000000 0.0000000 0.0000000 0.0000000 0.0000000 0.0000000 0.0000000 0.0000000 0.0000000 0.0000000
C6    0.0013347 0.0082313 0.0021150 0.0223670 0.4998319 3.8777284 0.5023187 0.0220317 0.0028260 0.0002572 0.0002922 0.0000594 0.0000089 0.0000015 0.0000024 0.0000002 0.0000001 0.0000005 0.0000000 0.0000000 0.0000000 0.0000000 0.0000000 0.0000000 0.0000000 0.0000000 0.0000000 0.0000000 0.0000000 0.0000000 0.0000000 0.0000000 0.0000000 0.0000000 0.0000000 0.0002831 0.0000465 0.0000832 0.0068312 0.0028673 0.0002967 0.0003187 0.0060434 0.0046162 0.0213360 0.0193547 0.4545667 0.4538253 0.0212887 0.0214973 0.0040657 0.0061154 0.0005144 0.0017304 0.0000322 0.0000302 0.0003369 0.0000170 0.0000169 0.0000029 0.0000002 0.0000001 0.0000002 0.0000000 0.0000000 0.0000000 0.0000000 0.0000000 0.0000000 0.0000000 0.0000000 0.0000000 0.0000000 0.0000000 0.0000000 0.0000000 0.0000000 0.0000000 0.0000000 0.0000000 0.0000000 0.0000000 0.0000000 0.0000000 0.0000000 0.0000000 0.0000000 0.0000000 0.0000000 0.0000000 0.0000000 0.0000000 0.0000000
C7    0.0001536 0.0006824 0.0002158 0.0053229 0.0229232 0.5023187 3.8756878 0.5051069 0.0223253 0.0055440 0.0007519 0.0001284 0.0000320 0.0000025 0.0000058 0.0000008 0.0000003 0.0000008 0.0000000 0.0000000 0.0000000 0.0000000 0.0000000 0.0000000 0.0000000 0.0000000 0.0000000 0.0000000 0.0000000 0.0000000 0.0000000 0.0000000 0.0000000 0.0000000 0.0000000 0.0000280 0.0000051 0.0000121 0.0004291 0.0003711 0.0001150 0.0000340 0.0010493 0.0005007 0.0059996 0.0017664 0.0217111 0.0214814 0.4628820 0.4544127 0.0217860 0.0231346 0.0045215 0.0016113 0.0009940 0.0004961 0.0008118 0.0000792 0.0000806 0.0000207 0.0000003 0.0000003 0.0000004 0.0000001 0.0000000 0.0000000 0.0000000 0.0000001 0.0000000 0.0000000 0.0000000 0.0000000 0.0000000 0.0000000 0.0000000 0.0000000 0.0000000 0.0000000 0.0000000 0.0000000 0.0000000 0.0000000 0.0000000 0.0000000 0.0000000 0.0000000 0.0000000 0.0000000 0.0000000 0.0000000 0.0000000 0.0000000 0.0000000
C8    0.0000525 0.0002283 0.0000461 0.0002131 0.0019668 0.0220317 0.5051069 3.8652066 0.5025585 0.0234462 0.0081784 0.0011248 0.0001392 0.0000220 0.0000460 0.0000031 0.0000009 0.0000041 0.0000002 0.0000001 0.0000000 0.0000001 0.0000000 0.0000000 0.0000000 0.0000000 0.0000000 0.0000000 0.0000000 0.0000000 0.0000000 0.0000000 0.0000000 0.0000000 0.0000000 0.0000110 0.0000021 0.0000035 0.0001646 0.0000859 0.0000074 0.0000055 0.0000457 0.0000371 0.0003867 0.0011502 0.0048533 0.0055925 0.0216631 0.0223195 0.4565431 0.4516026 0.0194381 0.0229815 0.0051288 0.0040212 0.0083775 0.0005809 0.0003734 0.0000681 0.0000017 0.0000011 0.0000009 0.0000003 0.0000000 0.0000001 0.0000002 0.0000001 0.0000000 0.0000000 0.0000000 0.0000000 0.0000000 0.0000000 0.0000000 0.0000000 0.0000000 0.0000000 0.0000000 0.0000000 0.0000000 0.0000000 0.0000000 0.0000000 0.0000000 0.0000000 0.0000000 0.0000000 0.0000000 0.0000000 0.0000000 0.0000000 0.0000000
C9    0.0000066 0.0000189 0.0002514 0.0007880 0.0083350 0.0028260 0.0223253 0.5025585 3.8642443 0.4809977 0.0231312 0.0058735 0.0014816 0.0001008 0.0001913 0.0000387 0.0000119 0.0000351 0.0000033 0.0000005 0.0000001 0.0000001 0.0000001 0.0000000 0.0000000 0.0000000 0.0000000 0.0000000 0.0000000 0.0000000 0.0000000 0.0000000 0.0000000 0.0000000 0.0000000 0.0000033 0.0000024 0.0000007 0.0000134 0.0000042 0.0000760 0.0000142 0.0000702 0.0000501 0.0013534 0.0137076 0.0002997 0.0008178 0.0067334 0.0037966 0.0220965 0.0191160 0.4681596 0.4493168 0.0217347 0.0208761 0.0024677 0.0044739 0.0006012 0.0007786 0.0000123 0.0000027 0.0000045 0.0000024 0.0000003 0.0000016 0.0000009 0.0000001 0.0000000 0.0000000 0.0000000 0.0000000 0.0000000 0.0000000 0.0000000 0.0000000 0.0000000 0.0000000 0.0000000 0.0000000 0.0000000 0.0000000 0.0000000 0.0000000 0.0000000 0.0000000 0.0000000 0.0000000 0.0000000 0.0000000 0.0000000 0.0000000 0.0000000
C10   0.0000027 0.0000046 0.0000463 0.0001608 0.0011385 0.0002572 0.0055440 0.0234462 0.4809977 3.8624413 0.4911694 0.0269489 0.0067305 0.0007209 0.0017357 0.0001933 0.0000358 0.0001540 0.0000157 0.0000018 0.0000004 0.0000003 0.0000004 0.0000000 0.0000000 0.0000000 0.0000000 0.0000000 0.0000000 0.0000000 0.0000000 0.0000000 0.0000000 0.0000000 0.0000000 0.0000009 0.0000006 0.0000003 0.0000033 0.0000028 0.0000187 0.0000029 0.0000117 0.0000059 0.0001349 0.0012942 0.0000899 0.0001107 0.0011856 0.0003802 0.0040100 0.0044367 0.0186615 0.0244808 0.4664597 0.4688136 0.0182629 0.0193971 0.0051926 0.0058772 0.0000598 0.0000156 0.0000163 0.0000051 0.0000008 0.0000078 0.0000028 0.0000007 0.0000000 0.0000000 0.0000000 0.0000000 0.0000000 0.0000001 0.0000000 0.0000000 0.0000000 0.0000000 0.0000000 0.0000000 0.0000000 0.0000000 0.0000000 0.0000000 0.0000000 0.0000000 0.0000000 0.0000000 0.0000000 0.0000000 0.0000000 0.0000000 0.0000000
C11   0.0000015 0.0000046 0.0000121 0.0000305 0.0002676 0.0002922 0.0007519 0.0081784 0.0231312 0.4911694 3.8876882 0.4780910 0.0375967 0.0041356 0.0197860 0.0004184 0.0001487 0.0005668 0.0000424 0.0000061 0.0000011 0.0000011 0.0000012 0.0000001 0.0000000 0.0000000 0.0000000 0.0000000 0.0000000 0.0000000 0.0000000 0.0000000 0.0000000 0.0000000 0.0000000 0.0000005 0.0000002 0.0000001 0.0000032 0.0000015 0.0000047 0.0000011 0.0000046 0.0000027 0.0000146 0.0003577 0.0000554 0.0000511 0.0000735 0.0000726 0.0005607 0.0097974 0.0024202 0.0057964 0.0214031 0.0210526 0.4611424 0.4515160 0.0180474 0.0199528 0.0001638 0.0001141 0.0000469 0.0000345 0.0000028 0.0000162 0.0000388 0.0000022 0.0000001 0.0000001 0.0000000 0.0000001 0.0000000 0.0000002 0.0000000 0.0000000 0.0000000 0.0000000 0.0000000 0.0000000 0.0000000 0.0000000 0.0000000 0.0000000 0.0000000 0.0000000 0.0000000 0.0000000 0.0000000 0.0000000 0.0000000 0.0000000 0.0000000
C12   0.0000003 0.0000011 0.0000040 0.0000083 0.0000779 0.0000594 0.0001284 0.0011248 0.0058735 0.0269489 0.4780910 3.6050353 0.4088756 0.0116924 0.0165731 0.0040659 0.0007037 0.0019032 0.0000661 0.0000355 0.0000028 0.0000029 0.0000020 0.0000002 0.0000001 0.0000000 0.0000000 0.0000000 0.0000000 0.0000000 0.0000000 0.0000000 0.0000000 0.0000000 0.0000000 0.0000002 0.0000001 0.0000000 0.0000008 0.0000003 0.0000013 0.0000003 0.0000019 0.0000006 0.0000047 0.0000838 0.0000102 0.0000137 0.0000379 0.0000131 0.0000798 0.0010991 0.0003314 0.0009101 0.0049832 0.0047297 0.0201027 0.0186715 0.4467744 0.4539712 0.0003463 0.0005366 0.0003758 0.0000871 0.0000032 0.0000428 0.0001941 0.0000088 0.0000001 0.0000001 0.0000000 0.0000001 0.0000000 0.0000003 0.0000000 0.0000000 0.0000000 0.0000000 0.0000000 0.0000000 0.0000000 0.0000000 0.0000000 0.0000000 0.0000000 0.0000000 0.0000000 0.0000000 0.0000000 0.0000000 0.0000000 0.0000000 0.0000000
O13   0.0000002 0.0000002 0.0000018 0.0000043 0.0000328 0.0000089 0.0000320 0.0001392 0.0014816 0.0067305 0.0375967 0.4088756 7.8533101 0.4441150 0.1357878 0.0302832 0.0170038 0.0506615 0.0019615 0.0006003 0.0000719 0.0000533 0.0000368 0.0000022 0.0000012 0.0000007 0.0000001 0.0000000 0.0000000 0.0000000 0.0000000 0.0000000 0.0000000 0.0000000 0.0000000 0.0000002 0.0000002 0.0000001 0.0000003 0.0000004 0.0000010 0.0000003 0.0000015 0.0000009 0.0000020 0.0000367 0.0000019 0.0000056 0.0000086 0.0000036 0.0000138 0.0001223 0.0000562 0.0003782 0.0008546 0.0004785 0.0060868 0.0023185 0.0334483 0.0295239 0.0036814 0.0039369 0.0128019 0.0016199 0.0000838 0.0007923 0.0004804 0.0002285 0.0000014 0.0000008 0.0000003 0.0000011 0.0000002 0.0000051 0.0000002 0.0000003 0.0000001 0.0000001 0.0000001 0.0000001 0.0000000 0.0000000 0.0000000 0.0000000 0.0000000 0.0000000 0.0000000 0.0000000 0.0000000 0.0000000 0.0000000 0.0000000 0.0000000
C14   0.0000000 0.0000000 0.0000002 0.0000004 0.0000032 0.0000015 0.0000025 0.0000220 0.0001008 0.0007209 0.0041356 0.0116924 0.4441150 2.9200429 0.6687529 0.4687837 0.0231750 0.0139050 0.0010344 0.0000557 0.0000296 0.0000244 0.0000093 0.0000007 0.0000005 0.0000001 0.0000000 0.0000000 0.0000000 0.0000000 0.0000000 0.0000000 0.0000000 0.0000000 0.0000000 0.0000000 0.0000000 0.0000000 0.0000000 0.0000001 0.0000001 0.0000001 0.0000002 0.0000001 0.0000003 0.0000032 0.0000003 0.0000005 0.0000006 0.0000009 0.0000019 0.0000167 0.0000097 0.0000409 0.0000698 0.0001213 0.0005391 0.0015351 0.0035344 0.0044075 0.0231991 0.0196571 0.0025190 0.0050129 0.0000503 0.0002113 0.0000193 0.0000300 0.0000005 0.0000001 0.0000001 0.0000002 0.0000001 0.0000006 0.0000001 0.0000001 0.0000000 0.0000000 0.0000000 0.0000000 0.0000000 0.0000000 0.0000000 0.0000000 0.0000000 0.0000000 0.0000000 0.0000000 0.0000000 0.0000000 0.0000000 0.0000000 0.0000000
O15   0.0000001 0.0000001 0.0000003 0.0000007 0.0000038 0.0000024 0.0000058 0.0000460 0.0001913 0.0017357 0.0197860 0.0165731 0.1357878 0.6687529 8.1093496 0.0570012 0.0089993 0.0038462 0.0002487 0.0000473 0.0000108 0.0000125 0.0000054 0.0000004 0.0000003 0.0000002 0.0000001 0.0000000 0.0000000 0.0000000 0.0000000 0.0000000 0.0000000 0.0000000 0.0000000 0.0000001 0.0000001 0.0000001 0.0000001 0.0000001 0.0000002 0.0000001 0.0000003 0.0000003 0.0000006 0.0000037 0.0000006 0.0000013 0.0000024 0.0000059 0.0000168 0.0000560 0.0000492 0.0000567 0.0002897 0.0006218 0.0012033 0.0275069 0.0104382 0.0015822 0.0123384 0.0113974 0.0006496 0.0019187 0.0000283 0.0001096 0.0000475 0.0000570 0.0000007 0.0000004 0.0000001 0.0000004 0.0000001 0.0000006 0.0000002 0.0000002 0.0000001 0.0000000 0.0000001 0.0000001 0.0000000 0.0000001 0.0000000 0.0000000 0.0000000 0.0000000 0.0000000 0.0000000 0.0000000 0.0000000 0.0000000 0.0000000 0.0000000
C16   0.0000000 0.0000000 0.0000001 0.0000002 0.0000010 0.0000002 0.0000008 0.0000031 0.0000387 0.0001933 0.0004184 0.0040659 0.0302832 0.4687837 0.0570012 3.8870781 0.4941824 0.0379980 0.0060165 0.0005177 0.0001551 0.0001868 0.0000345 0.0000048 0.0000021 0.0000005 0.0000001 0.0000001 0.0000000 0.0000000 0.0000000 0.0000000 0.0000000 0.0000000 0.0000000 0.0000000 0.0000000 0.0000000 0.0000000 0.0000000 0.0000001 0.0000000 0.0000001 0.0000001 0.0000001 0.0000010 0.0000001 0.0000002 0.0000003 0.0000003 0.0000007 0.0000037 0.0000028 0.0000083 0.0000122 0.0000280 0.0000505 0.0002827 0.0003614 0.0006880 0.4551828 0.4574417 0.0196394 0.0189629 0.0008187 0.0003418 0.0000415 0.0005745 0.0000015 0.0000005 0.0000005 0.0000005 0.0000002 0.0000022 0.0000001 0.0000002 0.0000000 0.0000001 0.0000000 0.0000000 0.0000000 0.0000000 0.0000000 0.0000000 0.0000000 0.0000000 0.0000000 0.0000000 0.0000000 0.0000000 0.0000000 0.0000000 0.0000000
C17   0.0000000 0.0000000 0.0000000 0.0000000 0.0000003 0.0000001 0.0000003 0.0000009 0.0000119 0.0000358 0.0001487 0.0007037 0.0170038 0.0231750 0.0089993 0.4941824 3.9814539 0.5308878 0.0192444 0.0029623 0.0003927 0.0004981 0.0001053 0.0000094 0.0000036 0.0000025 0.0000005 0.0000002 0.0000000 0.0000000 0.0000000 0.0000000 0.0000000 0.0000000 0.0000000 0.0000000 0.0000000 0.0000000 0.0000000 0.0000001 0.0000001 0.0000000 0.0000001 0.0000001 0.0000001 0.0000003 0.0000000 0.0000001 0.0000002 0.0000002 0.0000004 0.0000010 0.0000006 0.0000034 0.0000060 0.0000053 0.0000176 0.0000680 0.0002350 0.0000715 0.0191247 0.0182790 0.4613038 0.4719176 0.0058865 0.0027591 0.0002861 0.0037764 0.0000056 0.0000013 0.0000010 0.0000013 0.0000010 0.0000092 0.0000004 0.0000004 0.0000001 0.0000001 0.0000001 0.0000001 0.0000000 0.0000000 0.0000001 0.0000000 0.0000000 0.0000000 0.0000000 0.0000000 0.0000000 0.0000000 0.0000000 0.0000000 0.0000000
S18   0.0000001 0.0000000 0.0000001 0.0000002 0.0000014 0.0000005 0.0000008 0.0000041 0.0000351 0.0001540 0.0005668 0.0019032 0.0506615 0.0139050 0.0038462 0.0379980 0.5308878 14.5997150 0.5474791 0.0397571 0.0107097 0.0048990 0.0025559 0.0002958 0.0001201 0.0000351 0.0000031 0.0000038 0.0000007 0.0000001 0.0000001 0.0000001 0.0000000 0.0000000 0.0000000 0.0000001 0.0000001 0.0000001 0.0000001 0.0000001 0.0000002 0.0000002 0.0000003 0.0000003 0.0000004 0.0000017 0.0000001 0.0000005 0.0000006 0.0000004 0.0000012 0.0000042 0.0000016 0.0000150 0.0000081 0.0000063 0.0000887 0.0000482 0.0010300 0.0004761 0.0087464 0.0094742 0.0295858 0.0306687 0.0237885 0.0328515 0.0086331 0.0048292 0.0000620 0.0000237 0.0000312 0.0000301 0.0000065 0.0001523 0.0000020 0.0000030 0.0000017 0.0000027 0.0000012 0.0000004 0.0000001 0.0000002 0.0000003 0.0000002 0.0000001 0.0000001 0.0000001 0.0000001 0.0000000 0.0000001 0.0000000 0.0000001 0.0000001
C19   0.0000000 0.0000000 0.0000000 0.0000000 0.0000002 0.0000000 0.0000000 0.0000002 0.0000033 0.0000157 0.0000424 0.0000661 0.0019615 0.0010344 0.0002487 0.0060165 0.0192444 0.5474791 3.9829396 0.4861490 0.0320923 0.0167869 0.0063488 0.0003177 0.0001892 0.0001188 0.0000126 0.0000089 0.0000013 0.0000001 0.0000003 0.0000001 0.0000000 0.0000000 0.0000000 0.0000000 0.0000000 0.0000000 0.0000000 0.0000000 0.0000000 0.0000000 0.0000001 0.0000000 0.0000001 0.0000002 0.0000000 0.0000001 0.0000001 0.0000001 0.0000002 0.0000003 0.0000002 0.0000017 0.0000010 0.0000008 0.0000066 0.0000026 0.0000696 0.0000347 0.0020993 0.0004613 0.0010678 0.0020015 0.4594703 0.4631444 0.0181734 0.0196076 0.0002033 0.0000172 0.0000234 0.0000404 0.0000131 0.0003644 0.0000021 0.0000027 0.0000025 0.0000021 0.0000014 0.0000002 0.0000001 0.0000001 0.0000001 0.0000001 0.0000000 0.0000000 0.0000000 0.0000000 0.0000000 0.0000000 0.0000000 0.0000000 0.0000000
C20   0.0000000 0.0000000 0.0000000 0.0000000 0.0000000 0.0000000 0.0000000 0.0000001 0.0000005 0.0000018 0.0000061 0.0000355 0.0006003 0.0000557 0.0000473 0.0005177 0.0029623 0.0397571 0.4861490 3.8781626 0.4605452 0.0545365 0.0344975 0.0039430 0.0004267 0.0002028 0.0000258 0.0000171 0.0000017 0.0000002 0.0000003 0.0000001 0.0000000 0.0000000 0.0000000 0.0000000 0.0000000 0.0000000 0.0000000 0.0000000 0.0000000 0.0000000 0.0000000 0.0000000 0.0000000 0.0000000 0.0000000 0.0000000 0.0000000 0.0000000 0.0000002 0.0000001 0.0000001 0.0000003 0.0000003 0.0000005 0.0000010 0.0000017 0.0000071 0.0001533 0.0000816 0.0002108 0.0022807 0.0002392 0.0184170 0.0206063 0.4588710 0.4665640 0.0004174 0.0003359 0.0002414 0.0000382 0.0000980 0.0002026 0.0000022 0.0000022 0.0000068 0.0000129 0.0000026 0.0000003 0.0000004 0.0000001 0.0000001 0.0000003 0.0000000 0.0000000 0.0000000 0.0000000 0.0000000 0.0000000 0.0000000 0.0000000 0.0000000
C21   0.0000000 0.0000000 0.0000000 0.0000000 0.0000000 0.0000000 0.0000000 0.0000000 0.0000001 0.0000004 0.0000011 0.0000028 0.0000719 0.0000296 0.0000108 0.0001551 0.0003927 0.0107097 0.0320923 0.4605452 2.8940484 0.6529352 0.4224111 0.0116346 0.0027531 0.0010777 0.0000992 0.0000655 0.0000081 0.0000009 0.0000013 0.0000005 0.0000000 0.0000000 0.0000000 0.0000000 0.0000000 0.0000000 0.0000000 0.0000000 0.0000000 0.0000000 0.0000000 0.0000000 0.0000000 0.0000000 0.0000000 0.0000000 0.0000000 0.0000000 0.0000001 0.0000000 0.0000000 0.0000001 0.0000001 0.0000003 0.0000004 0.0000002 0.0000020 0.0000119 0.0000618 0.0000613 0.0002951 0.0000345 0.0036539 0.0042042 0.0184842 0.0181556 0.0035208 0.0044269 0.0003763 0.0002502 0.0001821 0.0015625 0.0000310 0.0000111 0.0000135 0.0000189 0.0000122 0.0000014 0.0000006 0.0000004 0.0000002 0.0000008 0.0000001 0.0000001 0.0000001 0.0000001 0.0000000 0.0000000 0.0000000 0.0000000 0.0000000
O22   0.0000000 0.0000000 0.0000000 0.0000000 0.0000000 0.0000000 0.0000000 0.0000001 0.0000001 0.0000003 0.0000011 0.0000029 0.0000533 0.0000244 0.0000125 0.0001868 0.0004981 0.0048990 0.0167869 0.0545365 0.6529352 8.1510643 0.1491371 0.0100902 0.0034819 0.0143934 0.0017477 0.0003675 0.0000391 0.0000072 0.0000084 0.0000017 0.0000002 0.0000002 0.0000001 0.0000000 0.0000000 0.0000000 0.0000000 0.0000000 0.0000000 0.0000000 0.0000001 0.0000001 0.0000001 0.0000000 0.0000000 0.0000001 0.0000000 0.0000001 0.0000003 0.0000001 0.0000001 0.0000002 0.0000003 0.0000011 0.0000013 0.0000003 0.0000026 0.0000126 0.0000640 0.0000333 0.0003005 0.0000306 0.0097033 0.0010123 0.0111299 0.0086987 0.0084210 0.0019009 0.0005494 0.0003306 0.0054071 0.0152955 0.0000702 0.0001520 0.0001213 0.0000486 0.0000640 0.0000059 0.0000039 0.0000016 0.0000010 0.0000081 0.0000003 0.0000008 0.0000003 0.0000003 0.0000002 0.0000001 0.0000001 0.0000001 0.0000001
O23   0.0000000 0.0000000 0.0000000 0.0000000 0.0000000 0.0000000 0.0000000 0.0000000 0.0000001 0.0000004 0.0000012 0.0000020 0.0000368 0.0000093 0.0000054 0.0000345 0.0001053 0.0025559 0.0063488 0.0344975 0.4224111 0.1491371 8.0091342 0.4105971 0.0355654 0.0037750 0.0004475 0.0003537 0.0000646 0.0000054 0.0000041 0.0000018 0.0000002 0.0000001 0.0000000 0.0000000 0.0000000 0.0000000 0.0000000 0.0000000 0.0000000 0.0000000 0.0000000 0.0000000 0.0000000 0.0000000 0.0000000 0.0000000 0.0000000 0.0000000 0.0000001 0.0000001 0.0000000 0.0000001 0.0000002 0.0000002 0.0000007 0.0000001 0.0000016 0.0000063 0.0000120 0.0000122 0.0000505 0.0000428 0.0005623 0.0044107 0.0039460 0.0055164 0.0414728 0.0389636 0.0071377 0.0025682 0.0004671 0.0019690 0.0000882 0.0000569 0.0000830 0.0003233 0.0001730 0.0000086 0.0000135 0.0000009 0.0000018 0.0000030 0.0000004 0.0000003 0.0000004 0.0000004 0.0000001 0.0000002 0.0000001 0.0000001 0.0000001
C24   0.0000000 0.0000000 0.0000000 0.0000000 0.0000000 0.0000000 0.0000000 0.0000000 0.0000000 0.0000000 0.0000001 0.0000002 0.0000022 0.0000007 0.0000004 0.0000048 0.0000094 0.0002958 0.0003177 0.0039430 0.0116346 0.0100902 0.4105971 3.5391060 0.4951605 0.0218654 0.0051721 0.0008860 0.0001357 0.0000098 0.0000049 0.0000016 0.0000002 0.0000001 0.0000000 0.0000000 0.0000000 0.0000000 0.0000000 0.0000000 0.0000000 0.0000000 0.0000000 0.0000000 0.0000000 0.0000000 0.0000000 0.0000000 0.0000000 0.0000000 0.0000000 0.0000000 0.0000000 0.0000000 0.0000000 0.0000001 0.0000001 0.0000000 0.0000001 0.0000011 0.0000022 0.0000021 0.0000073 0.0000028 0.0000282 0.0001234 0.0005596 0.0001978 0.4404684 0.4460364 0.0256983 0.0206025 0.0027977 0.0019199 0.0010752 0.0003855 0.0001315 0.0008875 0.0003407 0.0000358 0.0000172 0.0000014 0.0000019 0.0000037 0.0000003 0.0000002 0.0000002 0.0000003 0.0000000 0.0000001 0.0000000 0.0000000 0.0000000
C25   0.0000000 0.0000000 0.0000000 0.0000000 0.0000000 0.0000000 0.0000000 0.0000000 0.0000000 0.0000000 0.0000000 0.0000001 0.0000012 0.0000005 0.0000003 0.0000021 0.0000036 0.0001201 0.0001892 0.0004267 0.0027531 0.0034819 0.0355654 0.4951605 3.8768641 0.4949799 0.0243724 0.0082025 0.0017289 0.0001399 0.0000552 0.0000217 0.0000016 0.0000007 0.0000003 0.0000000 0.0000000 0.0000000 0.0000000 0.0000000 0.0000000 0.0000000 0.0000000 0.0000000 0.0000000 0.0000000 0.0000000 0.0000000 0.0000000 0.0000000 0.0000000 0.0000000 0.0000000 0.0000000 0.0000000 0.0000001 0.0000000 0.0000000 0.0000001 0.0000002 0.0000008 0.0000008 0.0000024 0.0000010 0.0000199 0.0000966 0.0000354 0.0000703 0.0218817 0.0221633 0.4444185 0.4632478 0.0191674 0.0204633 0.0058388 0.0039262 0.0009908 0.0089545 0.0028856 0.0003037 0.0001828 0.0000078 0.0000183 0.0000250 0.0000027 0.0000015 0.0000007 0.0000017 0.0000001 0.0000004 0.0000002 0.0000002 0.0000001
C26   0.0000000 0.0000000 0.0000000 0.0000000 0.0000000 0.0000000 0.0000000 0.0000000 0.0000000 0.0000000 0.0000000 0.0000000 0.0000007 0.0000001 0.0000002 0.0000005 0.0000025 0.0000351 0.0001188 0.0002028 0.0010777 0.0143934 0.0037750 0.0218654 0.4949799 3.8789517 0.4870800 0.0211398 0.0083298 0.0009691 0.0004342 0.0001107 0.0000049 0.0000020 0.0000018 0.0000000 0.0000000 0.0000000 0.0000000 0.0000000 0.0000000 0.0000000 0.0000000 0.0000000 0.0000000 0.0000000 0.0000000 0.0000000 0.0000000 0.0000000 0.0000000 0.0000000 0.0000000 0.0000000 0.0000000 0.0000000 0.0000000 0.0000000 0.0000000 0.0000002 0.0000002 0.0000004 0.0000019 0.0000005 0.0001400 0.0000954 0.0000452 0.0000275 0.0033825 0.0066976 0.0201363 0.0193507 0.4570436 0.4582937 0.0214582 0.0203894 0.0058310 0.0024992 0.0094527 0.0006434 0.0000763 0.0000553 0.0000193 0.0003025 0.0000214 0.0000178 0.0000022 0.0000018 0.0000008 0.0000006 0.0000009 0.0000011 0.0000006
C27   0.0000000 0.0000000 0.0000000 0.0000000 0.0000000 0.0000000 0.0000000 0.0000000 0.0000000 0.0000000 0.0000000 0.0000000 0.0000001 0.0000000 0.0000001 0.0000001 0.0000005 0.0000031 0.0000126 0.0000258 0.0000992 0.0017477 0.0004475 0.0051721 0.0243724 0.4870800 3.8722371 0.4919564 0.0240378 0.0054395 0.0009028 0.0001342 0.0000225 0.0000046 0.0000024 0.0000000 0.0000000 0.0000000 0.0000000 0.0000000 0.0000000 0.0000000 0.0000000 0.0000000 0.0000000 0.0000000 0.0000000 0.0000000 0.0000000 0.0000000 0.0000000 0.0000000 0.0000000 0.0000000 0.0000000 0.0000000 0.0000000 0.0000000 0.0000000 0.0000001 0.0000001 0.0000001 0.0000004 0.0000001 0.0000151 0.0000133 0.0000060 0.0000070 0.0004378 0.0011938 0.0029691 0.0059303 0.0194582 0.0210809 0.4660891 0.4699001 0.0208405 0.0207577 0.0027225 0.0048660 0.0005651 0.0010708 0.0000722 0.0009254 0.0000246 0.0000965 0.0000224 0.0000186 0.0000018 0.0000008 0.0000014 0.0000009 0.0000014
C28   0.0000000 0.0000000 0.0000000 0.0000000 0.0000000 0.0000000 0.0000000 0.0000000 0.0000000 0.0000000 0.0000000 0.0000000 0.0000000 0.0000000 0.0000000 0.0000001 0.0000002 0.0000038 0.0000089 0.0000171 0.0000655 0.0003675 0.0003537 0.0008860 0.0082025 0.0211398 0.4919564 3.8721107 0.4890622 0.0234667 0.0082932 0.0010627 0.0001202 0.0000264 0.0000060 0.0000000 0.0000000 0.0000000 0.0000000 0.0000000 0.0000000 0.0000000 0.0000000 0.0000000 0.0000000 0.0000000 0.0000000 0.0000000 0.0000000 0.0000000 0.0000000 0.0000000 0.0000000 0.0000000 0.0000000 0.0000000 0.0000000 0.0000000 0.0000000 0.0000000 0.0000000 0.0000001 0.0000002 0.0000001 0.0000100 0.0000057 0.0000028 0.0000015 0.0000825 0.0000676 0.0093398 0.0012996 0.0020035 0.0056442 0.0214665 0.0214457 0.4605073 0.4588153 0.0200312 0.0200615 0.0049693 0.0058073 0.0006289 0.0083308 0.0000523 0.0004134 0.0000836 0.0001181 0.0000120 0.0000070 0.0000020 0.0000039 0.0000029
C29   0.0000000 0.0000000 0.0000000 0.0000000 0.0000000 0.0000000 0.0000000 0.0000000 0.0000000 0.0000000 0.0000000 0.0000000 0.0000000 0.0000000 0.0000000 0.0000000 0.0000000 0.0000007 0.0000013 0.0000017 0.0000081 0.0000391 0.0000646 0.0001357 0.0017289 0.0083298 0.0240378 0.4890622 3.8702432 0.4892576 0.0229768 0.0056315 0.0012220 0.0001861 0.0001322 0.0000000 0.0000000 0.0000000 0.0000000 0.0000000 0.0000000 0.0000000 0.0000000 0.0000000 0.0000000 0.0000000 0.0000000 0.0000000 0.0000000 0.0000000 0.0000000 0.0000000 0.0000000 0.0000000 0.0000000 0.0000000 0.0000000 0.0000000 0.0000000 0.0000000 0.0000000 0.0000000 0.0000000 0.0000000 0.0000012 0.0000015 0.0000002 0.0000003 0.0001632 0.0000105 0.0032069 0.0003558 0.0085936 0.0009566 0.0056719 0.0060855 0.0191237 0.0193992 0.4592929 0.4648357 0.0204578 0.0203649 0.0049343 0.0020871 0.0010814 0.0004511 0.0010612 0.0001042 0.0000095 0.0000231 0.0000684 0.0000449 0.0000385
C30   0.0000000 0.0000000 0.0000000 0.0000000 0.0000000 0.0000000 0.0000000 0.0000000 0.0000000 0.0000000 0.0000000 0.0000000 0.0000000 0.0000000 0.0000000 0.0000000 0.0000000 0.0000001 0.0000001 0.0000002 0.0000009 0.0000072 0.0000054 0.0000098 0.0001399 0.0009691 0.0054395 0.0234667 0.4892576 3.8636532 0.4944118 0.0247373 0.0105954 0.0013576 0.0005087 0.0000000 0.0000000 0.0000000 0.0000000 0.0000000 0.0000000 0.0000000 0.0000000 0.0000000 0.0000000 0.0000000 0.0000000 0.0000000 0.0000000 0.0000000 0.0000000 0.0000000 0.0000000 0.0000000 0.0000000 0.0000000 0.0000000 0.0000000 0.0000000 0.0000000 0.0000000 0.0000000 0.0000000 0.0000000 0.0000002 0.0000003 0.0000001 0.0000001 0.0000167 0.0000019 0.0003937 0.0000413 0.0009790 0.0001436 0.0006334 0.0012249 0.0023809 0.0044405 0.0202952 0.0210801 0.4535998 0.4666767 0.0218462 0.0189267 0.0054788 0.0052222 0.0096786 0.0008682 0.0000695 0.0000722 0.0001843 0.0001806 0.0001363
C31   0.0000000 0.0000000 0.0000000 0.0000000 0.0000000 0.0000000 0.0000000 0.0000000 0.0000000 0.0000000 0.0000000 0.0000000 0.0000000 0.0000000 0.0000000 0.0000000 0.0000000 0.0000001 0.0000003 0.0000003 0.0000013 0.0000084 0.0000041 0.0000049 0.0000552 0.0004342 0.0009028 0.0082932 0.0229768 0.4944118 3.8670964 0.4917858 0.0240846 0.0056775 0.0010246 0.0000000 0.0000000 0.0000000 0.0000000 0.0000000 0.0000000 0.0000000 0.0000000 0.0000000 0.0000000 0.0000000 0.0000000 0.0000000 0.0000000 0.0000000 0.0000000 0.0000000 0.0000000 0.0000000 0.0000000 0.0000000 0.0000000 0.0000000 0.0000000 0.0000000 0.0000000 0.0000000 0.0000000 0.0000000 0.0000003 0.0000003 0.0000001 0.0000000 0.0000093 0.0000011 0.0000967 0.0000075 0.0002614 0.0001153 0.0000607 0.0000532 0.0090347 0.0006550 0.0052803 0.0045590 0.0196895 0.0210377 0.4659940 0.4588028 0.0190876 0.0204172 0.0020856 0.0047031 0.0006389 0.0014164 0.0002506 0.0005851 0.0003007
C32   0.0000000 0.0000000 0.0000000 0.0000000 0.0000000 0.0000000 0.0000000 0.0000000 0.0000000 0.0000000 0.0000000 0.0000000 0.0000000 0.0000000 0.0000000 0.0000000 0.0000000 0.0000001 0.0000001 0.0000001 0.0000005 0.0000017 0.0000018 0.0000016 0.0000217 0.0001107 0.0001342 0.0010627 0.0056315 0.0247373 0.4917858 3.8730417 0.4888243 0.0265897 0.0117122 0.0000000 0.0000000 0.0000000 0.0000000 0.0000000 0.0000000 0.0000000 0.0000000 0.0000000 0.0000000 0.0000000 0.0000000 0.0000000 0.0000000 0.0000000 0.0000000 0.0000000 0.0000000 0.0000000 0.0000000 0.0000000 0.0000000 0.0000000 0.0000000 0.0000000 0.0000000 0.0000000 0.0000000 0.0000000 0.0000001 0.0000002 0.0000000 0.0000000 0.0000030 0.0000005 0.0000273 0.0000024 0.0000704 0.0000326 0.0000111 0.0000243 0.0010706 0.0000945 0.0009416 0.0004546 0.0026325 0.0062188 0.0221050 0.0208602 0.4568405 0.4609903 0.0187854 0.0198480 0.0059278 0.0057401 0.0020907 0.0048680 0.0051119
C33   0.0000000 0.0000000 0.0000000 0.0000000 0.0000000 0.0000000 0.0000000 0.0000000 0.0000000 0.0000000 0.0000000 0.0000000 0.0000000 0.0000000 0.0000000 0.0000000 0.0000000 0.0000000 0.0000000 0.0000000 0.0000000 0.0000002 0.0000002 0.0000002 0.0000016 0.0000049 0.0000225 0.0001202 0.0012220 0.0105954 0.0240846 0.4888243 3.8720116 0.4820231 0.0247693 0.0000000 0.0000000 0.0000000 0.0000000 0.0000000 0.0000000 0.0000000 0.0000000 0.0000000 0.0000000 0.0000000 0.0000000 0.0000000 0.0000000 0.0000000 0.0000000 0.0000000 0.0000000 0.0000000 0.0000000 0.0000000 0.0000000 0.0000000 0.0000000 0.0000000 0.0000000 0.0000000 0.0000000 0.0000000 0.0000000 0.0000000 0.0000000 0.0000000 0.0000004 0.0000002 0.0000054 0.0000006 0.0000054 0.0000011 0.0000142 0.0000063 0.0000780 0.0001186 0.0000556 0.0004774 0.0116375 0.0010505 0.0062680 0.0048361 0.0188646 0.0201228 0.4615986 0.4670489 0.0201417 0.0219977 0.0048363 0.0015541 0.0098522
C34   0.0000000 0.0000000 0.0000000 0.0000000 0.0000000 0.0000000 0.0000000 0.0000000 0.0000000 0.0000000 0.0000000 0.0000000 0.0000000 0.0000000 0.0000000 0.0000000 0.0000000 0.0000000 0.0000000 0.0000000 0.0000000 0.0000002 0.0000001 0.0000001 0.0000007 0.0000020 0.0000046 0.0000264 0.0001861 0.0013576 0.0056775 0.0265897 0.4820231 3.8644680 0.4981364 0.0000000 0.0000000 0.0000000 0.0000000 0.0000000 0.0000000 0.0000000 0.0000000 0.0000000 0.0000000 0.0000000 0.0000000 0.0000000 0.0000000 0.0000000 0.0000000 0.0000000 0.0000000 0.0000000 0.0000000 0.0000000 0.0000000 0.0000000 0.0000000 0.0000000 0.0000000 0.0000000 0.0000000 0.0000000 0.0000000 0.0000000 0.0000000 0.0000000 0.0000003 0.0000002 0.0000012 0.0000003 0.0000014 0.0000007 0.0000025 0.0000009 0.0000262 0.0000171 0.0000242 0.0001215 0.0013032 0.0001146 0.0011267 0.0005684 0.0037897 0.0058591 0.0208614 0.0197914 0.4684030 0.4750859 0.0225013 0.0204904 0.0207216
C35   0.0000000 0.0000000 0.0000000 0.0000000 0.0000000 0.0000000 0.0000000 0.0000000 0.0000000 0.0000000 0.0000000 0.0000000 0.0000000 0.0000000 0.0000000 0.0000000 0.0000000 0.0000000 0.0000000 0.0000000 0.0000000 0.0000001 0.0000000 0.0000000 0.0000003 0.0000018 0.0000024 0.0000060 0.0001322 0.0005087 0.0010246 0.0117122 0.0247693 0.4981364 3.9550077 0.0000000 0.0000000 0.0000000 0.0000000 0.0000000 0.0000000 0.0000000 0.0000000 0.0000000 0.0000000 0.0000000 0.0000000 0.0000000 0.0000000 0.0000000 0.0000000 0.0000000 0.0000000 0.0000000 0.0000000 0.0000000 0.0000000 0.0000000 0.0000000 0.0000000 0.0000000 0.0000000 0.0000000 0.0000000 0.0000000 0.0000000 0.0000000 0.0000000 0.0000002 0.0000001 0.0000005 0.0000001 0.0000018 0.0000004 0.0000010 0.0000007 0.0000024 0.0000017 0.0000210 0.0000201 0.0003260 0.0000440 0.0000716 0.0000937 0.0156798 0.0010571 0.0053569 0.0047553 0.0222838 0.0211972 0.4806479 0.4748638 0.4712152
H36   0.4804260 0.0209916 0.0049509 0.0003950 0.0002202 0.0002831 0.0000280 0.0000110 0.0000033 0.0000009 0.0000005 0.0000002 0.0000002 0.0000000 0.0000001 0.0000000 0.0000000 0.0000001 0.0000000 0.0000000 0.0000000 0.0000000 0.0000000 0.0000000 0.0000000 0.0000000 0.0000000 0.0000000 0.0000000 0.0000000 0.0000000 0.0000000 0.0000000 0.0000000 0.0000000 0.4464069 0.0182296 0.0185461 0.0059467 0.0013654 0.0060590 0.0004447 0.0000597 0.0000371 0.0000356 0.0000367 0.0003323 0.0000251 0.0000044 0.0000057 0.0000012 0.0000043 0.0000006 0.0000027 0.0000001 0.0000001 0.0000003 0.0000000 0.0000000 0.0000000 0.0000000 0.0000000 0.0000000 0.0000000 0.0000000 0.0000000 0.0000000 0.0000000 0.0000000 0.0000000 0.0000000 0.0000000 0.0000000 0.0000000 0.0000000 0.0000000 0.0000000 0.0000000 0.0000000 0.0000000 0.0000000 0.0000000 0.0000000 0.0000000 0.0000000 0.0000000 0.0000000 0.0000000 0.0000000 0.0000000 0.0000000 0.0000000 0.0000000
H37   0.4835325 0.0225782 0.0055651 0.0014641 0.0000649 0.0000465 0.0000051 0.0000021 0.0000024 0.0000006 0.0000002 0.0000001 0.0000002 0.0000000 0.0000001 0.0000000 0.0000000 0.0000001 0.0000000 0.0000000 0.0000000 0.0000000 0.0000000 0.0000000 0.0000000 0.0000000 0.0000000 0.0000000 0.0000000 0.0000000 0.0000000 0.0000000 0.0000000 0.0000000 0.0000000 0.0182296 0.4526733 0.0194854 0.0031402 0.0018443 0.0010473 0.0006175 0.0003000 0.0000508 0.0000110 0.0000368 0.0000587 0.0000033 0.0000012 0.0000008 0.0000002 0.0000007 0.0000005 0.0000019 0.0000000 0.0000000 0.0000001 0.0000000 0.0000000 0.0000000 0.0000000 0.0000000 0.0000000 0.0000000 0.0000000 0.0000000 0.0000000 0.0000000 0.0000000 0.0000000 0.0000000 0.0000000 0.0000000 0.0000000 0.0000000 0.0000000 0.0000000 0.0000000 0.0000000 0.0000000 0.0000000 0.0000000 0.0000000 0.0000000 0.0000000 0.0000000 0.0000000 0.0000000 0.0000000 0.0000000 0.0000000 0.0000000 0.0000000
H38   0.4751266 0.0221930 0.0073699 0.0007446 0.0000530 0.0000832 0.0000121 0.0000035 0.0000007 0.0000003 0.0000001 0.0000000 0.0000001 0.0000000 0.0000001 0.0000000 0.0000000 0.0000001 0.0000000 0.0000000 0.0000000 0.0000000 0.0000000 0.0000000 0.0000000 0.0000000 0.0000000 0.0000000 0.0000000 0.0000000 0.0000000 0.0000000 0.0000000 0.0000000 0.0000000 0.0185461 0.0194854 0.4439643 0.0035586 0.0057017 0.0009830 0.0075869 0.0000771 0.0003415 0.0000296 0.0000121 0.0001419 0.0000279 0.0000012 0.0000018 0.0000003 0.0000013 0.0000003 0.0000005 0.0000000 0.0000000 0.0000001 0.0000000 0.0000000 0.0000000 0.0000000 0.0000000 0.0000000 0.0000000 0.0000000 0.0000000 0.0000000 0.0000000 0.0000000 0.0000000 0.0000000 0.0000000 0.0000000 0.0000000 0.0000000 0.0000000 0.0000000 0.0000000 0.0000000 0.0000000 0.0000000 0.0000000 0.0000000 0.0000000 0.0000000 0.0000000 0.0000000 0.0000000 0.0000000 0.0000000 0.0000000 0.0000000 0.0000000
H39   0.0243222 0.4556827 0.0220496 0.0013358 0.0018051 0.0068312 0.0004291 0.0001646 0.0000134 0.0000033 0.0000032 0.0000008 0.0000003 0.0000000 0.0000001 0.0000000 0.0000000 0.0000001 0.0000000 0.0000000 0.0000000 0.0000000 0.0000000 0.0000000 0.0000000 0.0000000 0.0000000 0.0000000 0.0000000 0.0000000 0.0000000 0.0000000 0.0000000 0.0000000 0.0000000 0.0059467 0.0031402 0.0035586 0.4457114 0.0177969 0.0077633 0.0051921 0.0002671 0.0002874 0.0008386 0.0002566 0.0126949 0.0005838 0.0000691 0.0001394 0.0000233 0.0000378 0.0000029 0.0000099 0.0000006 0.0000006 0.0000025 0.0000002 0.0000003 0.0000000 0.0000000 0.0000000 0.0000000 0.0000000 0.0000000 0.0000000 0.0000000 0.0000000 0.0000000 0.0000000 0.0000000 0.0000000 0.0000000 0.0000000 0.0000000 0.0000000 0.0000000 0.0000000 0.0000000 0.0000000 0.0000000 0.0000000 0.0000000 0.0000000 0.0000000 0.0000000 0.0000000 0.0000000 0.0000000 0.0000000 0.0000000 0.0000000 0.0000000
H40   0.0203180 0.4729474 0.0192969 0.0032384 0.0003653 0.0028673 0.0003711 0.0000859 0.0000042 0.0000028 0.0000015 0.0000003 0.0000004 0.0000001 0.0000001 0.0000000 0.0000001 0.0000001 0.0000000 0.0000000 0.0000000 0.0000000 0.0000000 0.0000000 0.0000000 0.0000000 0.0000000 0.0000000 0.0000000 0.0000000 0.0000000 0.0000000 0.0000000 0.0000000 0.0000000 0.0013654 0.0018443 0.0057017 0.0177969 0.4552931 0.0008664 0.0073436 0.0003709 0.0019513 0.0002047 0.0000856 0.0050956 0.0006478 0.0000349 0.0000490 0.0000038 0.0000257 0.0000025 0.0000024 0.0000002 0.0000002 0.0000014 0.0000001 0.0000001 0.0000000 0.0000000 0.0000000 0.0000000 0.0000000 0.0000000 0.0000000 0.0000000 0.0000000 0.0000000 0.0000000 0.0000000 0.0000000 0.0000000 0.0000000 0.0000000 0.0000000 0.0000000 0.0000000 0.0000000 0.0000000 0.0000000 0.0000000 0.0000000 0.0000000 0.0000000 0.0000000 0.0000000 0.0000000 0.0000000 0.0000000 0.0000000 0.0000000 0.0000000
H41   0.0094475 0.0201142 0.4598496 0.0214012 0.0066209 0.0002967 0.0001150 0.0000074 0.0000760 0.0000187 0.0000047 0.0000013 0.0000010 0.0000001 0.0000002 0.0000001 0.0000001 0.0000002 0.0000000 0.0000000 0.0000000 0.0000000 0.0000000 0.0000000 0.0000000 0.0000000 0.0000000 0.0000000 0.0000000 0.0000000 0.0000000 0.0000000 0.0000000 0.0000000 0.0000000 0.0060590 0.0010473 0.0009830 0.0077633 0.0008664 0.4596362 0.0195291 0.0036178 0.0024468 0.0004164 0.0009877 0.0002197 0.0000234 0.0000321 0.0000110 0.0000023 0.0000067 0.0000270 0.0000578 0.0000007 0.0000008 0.0000010 0.0000002 0.0000001 0.0000001 0.0000000 0.0000000 0.0000000 0.0000000 0.0000000 0.0000000 0.0000000 0.0000000 0.0000000 0.0000000 0.0000000 0.0000000 0.0000000 0.0000000 0.0000000 0.0000000 0.0000000 0.0000000 0.0000000 0.0000000 0.0000000 0.0000000 0.0000000 0.0000000 0.0000000 0.0000000 0.0000000 0.0000000 0.0000000 0.0000000 0.0000000 0.0000000 0.0000000
