                                                       4738conf_1.sum LIDI values in a Matrix 
                                                    Note the DI values are divided by 2

          C1        C2        C3        C4        C5        N6        C7        C8        C9        C10       C11       H12       H13       H14       H15       H16       H17       H18       H19       H20       H21       H22       H23       H24       H25       H26       H27       H28       

C1    3.9522180 0.4865002 0.0239623 0.0039133 0.0127484 0.0157169 0.0232381 0.0069262 0.0009398 0.0010520 0.0058552 0.4683843 0.4770947 0.4683152 0.0235257 0.0042864 0.0061761 0.0003463 0.0001419 0.0042482 0.0035034 0.0011641 0.0000514 0.0000790 0.0000463 0.0004123 0.0004141 0.0003061
C2    0.4865002 3.8091930 0.4903823 0.0216909 0.0038686 0.0014083 0.4849278 0.0206663 0.0033196 0.0051073 0.0234656 0.0191301 0.0210283 0.0196389 0.4492479 0.0185093 0.0170947 0.0058044 0.0011908 0.0208456 0.0040873 0.0016359 0.0001979 0.0006801 0.0004968 0.0012259 0.0028729 0.0028023
C3    0.0239623 0.4903823 3.8647600 0.4883739 0.0277419 0.0134258 0.0204143 0.0018963 0.0001972 0.0014887 0.0109164 0.0012440 0.0050407 0.0067005 0.0235232 0.4577517 0.4552768 0.0202145 0.0164730 0.0054711 0.0007374 0.0002601 0.0001109 0.0000483 0.0004455 0.0000636 0.0099374 0.0007206
C4    0.0039133 0.0216909 0.4883739 3.8720459 0.5151991 0.0483421 0.0020299 0.0047395 0.0004715 0.0001694 0.0010607 0.0006947 0.0005744 0.0007948 0.0067876 0.0242699 0.0225256 0.4491706 0.4534963 0.0003247 0.0072322 0.0005557 0.0009032 0.0000512 0.0000898 0.0000240 0.0021364 0.0001712
C5    0.0127484 0.0038686 0.0277419 0.5151991 3.3360893 1.1975165 0.0003170 0.0015533 0.0001667 0.0000957 0.0001925 0.0067378 0.0014926 0.0069331 0.0005073 0.0043432 0.0059469 0.0291315 0.0233515 0.0000833 0.0036429 0.0001211 0.0000991 0.0000180 0.0000136 0.0000156 0.0002498 0.0000431
N6    0.0157169 0.0014083 0.0134258 0.0483421 1.1975165 6.7686446 0.0002557 0.0004985 0.0001127 0.0000779 0.0002266 0.0108648 0.0024327 0.0110517 0.0003953 0.0016095 0.0023077 0.0177409 0.0139171 0.0000422 0.0019545 0.0000343 0.0001397 0.0000169 0.0000239 0.0000095 0.0002263 0.0000265
C7    0.0232381 0.4849278 0.0204143 0.0020299 0.0003170 0.0002557 3.8002364 0.4845952 0.0221458 0.0290162 0.4744602 0.0032867 0.0028253 0.0052972 0.0217799 0.0058363 0.0023230 0.0002675 0.0005621 0.4517632 0.0180673 0.0210234 0.0012433 0.0034931 0.0057568 0.0056031 0.0189529 0.0189218
C8    0.0069262 0.0206663 0.0018963 0.0047395 0.0015533 0.0004985 0.4845952 3.8996096 0.4821176 0.0250000 0.0246211 0.0074214 0.0004648 0.0006054 0.0061470 0.0003064 0.0001563 0.0005989 0.0046407 0.0204184 0.4663140 0.4663693 0.0202369 0.0202967 0.0025929 0.0054900 0.0025258 0.0050707
C9    0.0009398 0.0033196 0.0001972 0.0004715 0.0001667 0.0001127 0.0221458 0.4821176 3.8874916 0.4824246 0.0313067 0.0010812 0.0000717 0.0000937 0.0008114 0.0000871 0.0001183 0.0000336 0.0014176 0.0014205 0.0191918 0.0224869 0.4708846 0.4764764 0.0200924 0.0208749 0.0077280 0.0058262
C10   0.0010520 0.0051073 0.0014887 0.0001694 0.0000957 0.0000779 0.0290162 0.0250000 0.4824246 3.8895705 0.4809317 0.0001875 0.0000528 0.0003156 0.0005920 0.0001615 0.0013604 0.0000203 0.0002934 0.0056275 0.0043599 0.0018281 0.0218802 0.0220517 0.4718835 0.4770807 0.0202184 0.0199235
C11   0.0058552 0.0234656 0.0109164 0.0010607 0.0001925 0.0002266 0.4744602 0.0246211 0.0313067 0.4809317 3.8918158 0.0003284 0.0003556 0.0012767 0.0045300 0.0010317 0.0109350 0.0000881 0.0010674 0.0212549 0.0016807 0.0039190 0.0054559 0.0058138 0.0202289 0.0208537 0.4552537 0.4754161
H12   0.4683843 0.0191301 0.0012440 0.0006947 0.0067378 0.0108648 0.0032867 0.0074214 0.0010812 0.0001875 0.0003284 0.4274334 0.0185158 0.0173291 0.0059942 0.0002796 0.0003997 0.0001002 0.0000494 0.0001945 0.0056467 0.0017529 0.0000736 0.0000490 0.0000075 0.0000729 0.0000278 0.0001260
H13   0.4770947 0.0210283 0.0050407 0.0005744 0.0014926 0.0024327 0.0028253 0.0004648 0.0000717 0.0000528 0.0003556 0.0185158 0.4540845 0.0188384 0.0053761 0.0002724 0.0010670 0.0000702 0.0000324 0.0028300 0.0003194 0.0001553 0.0000109 0.0000088 0.0000082 0.0000144 0.0001469 0.0000503
H14   0.4683152 0.0196389 0.0067005 0.0007948 0.0069331 0.0110517 0.0052972 0.0006054 0.0000937 0.0003156 0.0012767 0.0173291 0.0188384 0.4313028 0.0012157 0.0046027 0.0005043 0.0000842 0.0001531 0.0004540 0.0002187 0.0001798 0.0000054 0.0000074 0.0000121 0.0001557 0.0000515 0.0000329
H15   0.0235257 0.4492479 0.0235232 0.0067876 0.0005073 0.0003953 0.0217799 0.0061470 0.0008114 0.0005920 0.0045300 0.0059942 0.0053761 0.0012157 0.4595352 0.0038539 0.0019608 0.0009842 0.0002790 0.0047715 0.0003341 0.0004589 0.0000400 0.0003187 0.0000529 0.0000473 0.0002187 0.0028123
H16   0.0042864 0.0185093 0.4577517 0.0242699 0.0043432 0.0016095 0.0058363 0.0003064 0.0000871 0.0001615 0.0010317 0.0002796 0.0002724 0.0046027 0.0038539 0.4403472 0.0179898 0.0041496 0.0070952 0.0008409 0.0001283 0.0000510 0.0000664 0.0000191 0.0000944 0.0000234 0.0009285 0.0000591
H17   0.0061761 0.0170947 0.4552768 0.0225256 0.0059469 0.0023077 0.0023230 0.0001563 0.0001183 0.0013604 0.0109350 0.0003997 0.0010670 0.0005043 0.0019608 0.0179898 0.4287777 0.0026843 0.0021266 0.0003184 0.0000532 0.0000677 0.0000530 0.0000260 0.0003119 0.0000432 0.0144339 0.0011916
H18   0.0003463 0.0058044 0.0202145 0.4491706 0.0291315 0.0177409 0.0002675 0.0005989 0.0000336 0.0000203 0.0000881 0.0001002 0.0000702 0.0000842 0.0009842 0.0041496 0.0026843 0.4050775 0.0162989 0.0001789 0.0008780 0.0001249 0.0000753 0.0000034 0.0000100 0.0000051 0.0001287 0.0000120
H19   0.0001419 0.0011908 0.0164730 0.4534963 0.0233515 0.0139171 0.0005621 0.0046407 0.0014176 0.0002934 0.0010674 0.0000494 0.0000324 0.0001531 0.0002790 0.0070952 0.0021266 0.0162989 0.3968314 0.0000956 0.0062387 0.0006197 0.0020199 0.0001346 0.0002026 0.0000239 0.0021842 0.0001146
H20   0.0042482 0.0208456 0.0054711 0.0003247 0.0000833 0.0000422 0.4517632 0.0204184 0.0014205 0.0056275 0.0212549 0.0001945 0.0028300 0.0004540 0.0047715 0.0008409 0.0003184 0.0001789 0.0000956 0.4552043 0.0038734 0.0072261 0.0003533 0.0002025 0.0051222 0.0005958 0.0063028 0.0026930
H21   0.0035034 0.0040873 0.0007374 0.0072322 0.0036429 0.0019545 0.0180673 0.4663140 0.0191918 0.0043599 0.0016807 0.0056467 0.0003194 0.0002187 0.0003341 0.0001283 0.0000532 0.0008780 0.0062387 0.0038734 0.4421647 0.0191395 0.0034505 0.0008395 0.0002887 0.0009099 0.0001507 0.0005010
H22   0.0011641 0.0016359 0.0002601 0.0005557 0.0001211 0.0000343 0.0210234 0.4663693 0.0224869 0.0018281 0.0039190 0.0017529 0.0001553 0.0001798 0.0004589 0.0000510 0.0000677 0.0001249 0.0006197 0.0072261 0.0191395 0.4523362 0.0050037 0.0052172 0.0008850 0.0003372 0.0003897 0.0009088
H23   0.0000514 0.0001979 0.0001109 0.0009032 0.0000991 0.0001397 0.0012433 0.0202369 0.4708846 0.0218802 0.0054559 0.0000736 0.0000109 0.0000054 0.0000400 0.0000664 0.0000530 0.0000753 0.0020199 0.0003533 0.0034505 0.0050037 0.4591920 0.0176099 0.0056674 0.0032325 0.0062705 0.0005210
H24   0.0000790 0.0006801 0.0000483 0.0000512 0.0000180 0.0000169 0.0034931 0.0202967 0.4764764 0.0220517 0.0058138 0.0000490 0.0000088 0.0000074 0.0003187 0.0000191 0.0000260 0.0000034 0.0001346 0.0002025 0.0008395 0.0052172 0.0176099 0.4519941 0.0027230 0.0009597 0.0008347 0.0014826
H25   0.0000463 0.0004968 0.0004455 0.0000898 0.0000136 0.0000239 0.0057568 0.0025929 0.0200924 0.4718835 0.0202289 0.0000075 0.0000082 0.0000121 0.0000529 0.0000944 0.0003119 0.0000100 0.0002026 0.0051222 0.0002887 0.0008850 0.0056674 0.0027230 0.4576294 0.0181435 0.0055979 0.0016833
H26   0.0004123 0.0012259 0.0000636 0.0000240 0.0000156 0.0000095 0.0056031 0.0054900 0.0208749 0.4770807 0.0208537 0.0000729 0.0000144 0.0001557 0.0000473 0.0000234 0.0000432 0.0000051 0.0000239 0.0005958 0.0009099 0.0003372 0.0032325 0.0009597 0.0181435 0.4605647 0.0022610 0.0010563
H27   0.0004141 0.0028729 0.0099374 0.0021364 0.0002498 0.0002263 0.0189529 0.0025258 0.0077280 0.0202184 0.4552537 0.0000278 0.0001469 0.0000515 0.0002187 0.0009285 0.0144339 0.0001287 0.0021842 0.0063028 0.0001507 0.0003897 0.0062705 0.0008347 0.0055979 0.0022610 0.4478987 0.0172221
H28   0.0003061 0.0028023 0.0007206 0.0001712 0.0000431 0.0000265 0.0189218 0.0050707 0.0058262 0.0199235 0.4754161 0.0001260 0.0000503 0.0000329 0.0028123 0.0000591 0.0011916 0.0000120 0.0001146 0.0026930 0.0005010 0.0009088 0.0005210 0.0014826 0.0016833 0.0010563 0.0172221 0.4542483
