                                                       857conf_1.sum LIDI values in a Matrix 
                                                    Note the DI values are divided by 2

          C1        C2        C3        C4        C5        C6        C7        C8        C9        C10       C11       C12       C13       C14       C15       C16       C17       C18       O19       O20       C21       C22       C23       C24       H25       H26       H27       H28       H29       H30       H31       H32       H33       H34       H35       H36       H37       H38       H39       H40       H41       H42       H43       H44       H45       H46       H47       H48       H49       H50       H51       H52       H53       H54       H55       H56       H57       H58       H59       H60       H61       H62       H63       H64       H65       H66       H67       H68       

C1    3.9515197 0.4950773 0.0265941 0.0059744 0.0010969 0.0001841 0.0000323 0.0000345 0.0000029 0.0000017 0.0000007 0.0000009 0.0000002 0.0000001 0.0000000 0.0000000 0.0000000 0.0000000 0.0000000 0.0000000 0.0000000 0.0000000 0.0000000 0.0000000 0.4763786 0.4823628 0.4818083 0.0225373 0.0226984 0.0049342 0.0052195 0.0010745 0.0005730 0.0000900 0.0010752 0.0001191 0.0000264 0.0000306 0.0000062 0.0000041 0.0001995 0.0000017 0.0000045 0.0000005 0.0000003 0.0000007 0.0000001 0.0000003 0.0000013 0.0000001 0.0000001 0.0000000 0.0000000 0.0000000 0.0000000 0.0000000 0.0000000 0.0000000 0.0000000 0.0000000 0.0000000 0.0000000 0.0000000 0.0000000 0.0000000 0.0000000 0.0000000 0.0000000
C2    0.4950773 3.8606912 0.4930001 0.0234390 0.0087849 0.0011185 0.0001272 0.0002724 0.0000289 0.0000154 0.0000015 0.0000011 0.0000003 0.0000001 0.0000000 0.0000000 0.0000000 0.0000000 0.0000000 0.0000000 0.0000000 0.0000000 0.0000000 0.0000000 0.0202960 0.0219583 0.0211085 0.4689547 0.4595974 0.0198850 0.0220193 0.0055606 0.0049091 0.0007459 0.0095482 0.0004720 0.0000610 0.0001026 0.0000589 0.0000237 0.0011760 0.0000054 0.0000253 0.0000042 0.0000014 0.0000021 0.0000009 0.0000003 0.0000031 0.0000002 0.0000002 0.0000000 0.0000001 0.0000000 0.0000001 0.0000000 0.0000000 0.0000000 0.0000000 0.0000000 0.0000000 0.0000000 0.0000000 0.0000000 0.0000000 0.0000000 0.0000000 0.0000000
C3    0.0265941 0.4930001 3.8664585 0.4898035 0.0232989 0.0053613 0.0013460 0.0001479 0.0000276 0.0000066 0.0000202 0.0000251 0.0000030 0.0000013 0.0000001 0.0000000 0.0000000 0.0000000 0.0000000 0.0000000 0.0000000 0.0000000 0.0000000 0.0000000 0.0087927 0.0020329 0.0053739 0.0203972 0.0196374 0.4703201 0.4635414 0.0198823 0.0202947 0.0047773 0.0021661 0.0006591 0.0010244 0.0012364 0.0001608 0.0000167 0.0003450 0.0000104 0.0000129 0.0000009 0.0000016 0.0000296 0.0000020 0.0000070 0.0000289 0.0000002 0.0000003 0.0000006 0.0000002 0.0000000 0.0000001 0.0000000 0.0000000 0.0000000 0.0000001 0.0000000 0.0000000 0.0000000 0.0000000 0.0000000 0.0000000 0.0000000 0.0000000 0.0000000
C4    0.0059744 0.0234390 0.4898035 3.8628097 0.4895240 0.0244648 0.0093824 0.0018252 0.0002469 0.0000933 0.0000625 0.0000843 0.0000106 0.0000032 0.0000002 0.0000000 0.0000001 0.0000000 0.0000001 0.0000000 0.0000000 0.0000000 0.0000000 0.0000000 0.0008661 0.0003978 0.0013085 0.0044131 0.0024008 0.0203451 0.0225442 0.4670452 0.4516244 0.0205569 0.0188491 0.0080760 0.0053222 0.0112547 0.0008813 0.0001576 0.0031931 0.0000387 0.0001661 0.0000149 0.0000126 0.0000922 0.0000061 0.0000262 0.0001413 0.0000012 0.0000011 0.0000014 0.0000007 0.0000001 0.0000003 0.0000001 0.0000000 0.0000000 0.0000001 0.0000000 0.0000000 0.0000000 0.0000000 0.0000000 0.0000000 0.0000000 0.0000000 0.0000000
C5    0.0010969 0.0087849 0.0232989 0.4895240 3.8817818 0.4899073 0.0223815 0.0057157 0.0007040 0.0001046 0.0000871 0.0002008 0.0000263 0.0000081 0.0000006 0.0000001 0.0000002 0.0000001 0.0000001 0.0000000 0.0000000 0.0000000 0.0000000 0.0000000 0.0004269 0.0000808 0.0000774 0.0005713 0.0089669 0.0034027 0.0062350 0.0208889 0.0191892 0.4675196 0.4551092 0.0226265 0.0199671 0.0027988 0.0070282 0.0006415 0.0049238 0.0000894 0.0012466 0.0000140 0.0000663 0.0002309 0.0000106 0.0000525 0.0004168 0.0000021 0.0000020 0.0000024 0.0000010 0.0000002 0.0000006 0.0000001 0.0000001 0.0000001 0.0000002 0.0000000 0.0000000 0.0000000 0.0000000 0.0000000 0.0000000 0.0000000 0.0000000 0.0000000
C6    0.0001841 0.0011185 0.0053613 0.0244648 0.4899073 3.8741445 0.5011025 0.0207267 0.0026624 0.0001812 0.0009525 0.0026811 0.0003380 0.0001288 0.0000069 0.0000011 0.0000031 0.0000007 0.0000006 0.0000002 0.0000000 0.0000000 0.0000000 0.0000000 0.0001005 0.0000241 0.0000214 0.0000814 0.0010204 0.0003307 0.0010744 0.0067095 0.0022657 0.0208963 0.0188804 0.4556131 0.4659021 0.0219877 0.0219734 0.0071717 0.0019682 0.0004334 0.0009775 0.0000345 0.0001226 0.0013736 0.0000807 0.0003382 0.0051123 0.0000166 0.0000095 0.0000401 0.0000059 0.0000007 0.0000049 0.0000003 0.0000002 0.0000002 0.0000027 0.0000000 0.0000000 0.0000000 0.0000000 0.0000000 0.0000000 0.0000000 0.0000000 0.0000000
C7    0.0000323 0.0001272 0.0013460 0.0093824 0.0223815 0.5011025 3.8630570 0.5102083 0.0196383 0.0023522 0.0040889 0.0003672 0.0000878 0.0000369 0.0000055 0.0000006 0.0000004 0.0000001 0.0000001 0.0000001 0.0000000 0.0000000 0.0000000 0.0000000 0.0000084 0.0000062 0.0000118 0.0001361 0.0000831 0.0004049 0.0000732 0.0010846 0.0093019 0.0055058 0.0023704 0.0230317 0.0189799 0.4454119 0.4573781 0.0224120 0.0218894 0.0064855 0.0012581 0.0002542 0.0004734 0.0066003 0.0004887 0.0000561 0.0004274 0.0000180 0.0000202 0.0000101 0.0000212 0.0000010 0.0000051 0.0000002 0.0000013 0.0000002 0.0000003 0.0000000 0.0000000 0.0000000 0.0000000 0.0000000 0.0000000 0.0000000 0.0000000 0.0000000
C8    0.0000345 0.0002724 0.0001479 0.0018252 0.0057157 0.0207267 0.5102083 3.8729744 0.5079482 0.0225237 0.0023497 0.0003067 0.0001519 0.0000714 0.0000142 0.0000022 0.0000005 0.0000001 0.0000002 0.0000001 0.0000000 0.0000000 0.0000000 0.0000000 0.0000052 0.0000093 0.0000029 0.0007386 0.0000892 0.0001042 0.0000120 0.0003346 0.0033107 0.0006195 0.0050264 0.0062432 0.0012064 0.0215887 0.0216825 0.4551517 0.4501250 0.0235002 0.0203340 0.0054570 0.0052642 0.0007408 0.0002665 0.0000397 0.0004392 0.0002935 0.0000161 0.0000073 0.0000903 0.0000037 0.0000053 0.0000005 0.0000014 0.0000002 0.0000003 0.0000000 0.0000000 0.0000000 0.0000000 0.0000000 0.0000000 0.0000000 0.0000000 0.0000000
C9    0.0000029 0.0000289 0.0000276 0.0002469 0.0007040 0.0026624 0.0196383 0.5079482 3.8694983 0.4945111 0.0210206 0.0063012 0.0010688 0.0002867 0.0001569 0.0000241 0.0000045 0.0000020 0.0000008 0.0000004 0.0000001 0.0000000 0.0000000 0.0000000 0.0000010 0.0000009 0.0000011 0.0000742 0.0000253 0.0000071 0.0000027 0.0001117 0.0003619 0.0000589 0.0017027 0.0003765 0.0006005 0.0065332 0.0014609 0.0234410 0.0224588 0.4577244 0.4590312 0.0209925 0.0222126 0.0012898 0.0064260 0.0005930 0.0072816 0.0019255 0.0000881 0.0000381 0.0002783 0.0000172 0.0001333 0.0000028 0.0000230 0.0000017 0.0000019 0.0000000 0.0000000 0.0000000 0.0000000 0.0000000 0.0000000 0.0000000 0.0000000 0.0000000
C10   0.0000017 0.0000154 0.0000066 0.0000933 0.0001046 0.0001812 0.0023522 0.0225237 0.4945111 3.8633149 0.5010822 0.0228617 0.0076697 0.0013839 0.0002980 0.0000394 0.0000061 0.0000015 0.0000014 0.0000004 0.0000001 0.0000000 0.0000000 0.0000000 0.0000003 0.0000007 0.0000003 0.0000509 0.0000061 0.0000056 0.0000007 0.0000167 0.0001628 0.0000095 0.0002047 0.0000316 0.0001163 0.0002651 0.0010809 0.0040700 0.0071140 0.0242894 0.0200521 0.4570254 0.4605831 0.0186145 0.0211955 0.0049390 0.0030109 0.0078476 0.0009740 0.0001284 0.0019281 0.0001167 0.0003286 0.0000047 0.0000347 0.0000032 0.0000034 0.0000000 0.0000000 0.0000000 0.0000000 0.0000000 0.0000000 0.0000000 0.0000000 0.0000000
C11   0.0000007 0.0000015 0.0000202 0.0000625 0.0000871 0.0009525 0.0040889 0.0023497 0.0210206 0.5010822 3.8744197 0.4825909 0.0225294 0.0088466 0.0015343 0.0001157 0.0000539 0.0000161 0.0000048 0.0000030 0.0000007 0.0000001 0.0000000 0.0000000 0.0000002 0.0000002 0.0000003 0.0000030 0.0000009 0.0000031 0.0000019 0.0000058 0.0000289 0.0000138 0.0000360 0.0000801 0.0014664 0.0004576 0.0055625 0.0002761 0.0003110 0.0064304 0.0018603 0.0197793 0.0232816 0.4685440 0.4506805 0.0206795 0.0193967 0.0020289 0.0062946 0.0014463 0.0064007 0.0002359 0.0022495 0.0000065 0.0002220 0.0000211 0.0000354 0.0000001 0.0000001 0.0000001 0.0000001 0.0000000 0.0000000 0.0000000 0.0000000 0.0000000
C12   0.0000009 0.0000011 0.0000251 0.0000843 0.0002008 0.0026811 0.0003672 0.0003067 0.0063012 0.0228617 0.4825909 3.8701006 0.4863587 0.0211412 0.0076092 0.0008151 0.0004669 0.0001140 0.0000386 0.0000246 0.0000049 0.0000008 0.0000004 0.0000001 0.0000004 0.0000003 0.0000003 0.0000004 0.0000008 0.0000009 0.0000066 0.0000140 0.0000049 0.0000254 0.0000889 0.0002968 0.0065004 0.0000722 0.0003487 0.0002061 0.0000394 0.0008874 0.0048338 0.0022851 0.0075327 0.0213181 0.0214971 0.4666522 0.4595790 0.0191998 0.0221372 0.0059075 0.0016545 0.0005289 0.0084960 0.0000517 0.0000736 0.0000268 0.0003372 0.0000009 0.0000007 0.0000002 0.0000006 0.0000001 0.0000001 0.0000000 0.0000000 0.0000001
C13   0.0000002 0.0000003 0.0000030 0.0000106 0.0000263 0.0003380 0.0000878 0.0001519 0.0010688 0.0076697 0.0225294 0.4863587 3.8598987 0.4881661 0.0232338 0.0053753 0.0011134 0.0001255 0.0002257 0.0000234 0.0000022 0.0000030 0.0000007 0.0000002 0.0000001 0.0000001 0.0000001 0.0000005 0.0000002 0.0000003 0.0000011 0.0000020 0.0000026 0.0000035 0.0000118 0.0000364 0.0008193 0.0000265 0.0001727 0.0000807 0.0000332 0.0001095 0.0016842 0.0080929 0.0009076 0.0051378 0.0044798 0.0196641 0.0220002 0.4651394 0.4660531 0.0222372 0.0181856 0.0043978 0.0028362 0.0010398 0.0005326 0.0000734 0.0010967 0.0000003 0.0000013 0.0000006 0.0000025 0.0000001 0.0000001 0.0000001 0.0000001 0.0000001
C14   0.0000001 0.0000001 0.0000013 0.0000032 0.0000081 0.0001288 0.0000369 0.0000714 0.0002867 0.0013839 0.0088466 0.0211412 0.4881661 3.8720938 0.4904474 0.0237277 0.0093901 0.0010275 0.0007587 0.0001535 0.0000151 0.0000099 0.0000036 0.0000006 0.0000000 0.0000000 0.0000000 0.0000002 0.0000001 0.0000001 0.0000002 0.0000010 0.0000005 0.0000019 0.0000065 0.0000172 0.0002616 0.0000056 0.0000291 0.0000081 0.0000136 0.0000491 0.0002394 0.0023943 0.0001118 0.0007278 0.0126264 0.0020497 0.0054968 0.0211189 0.0217686 0.4550991 0.4615088 0.0210332 0.0190593 0.0056699 0.0053160 0.0007939 0.0097219 0.0000032 0.0000050 0.0000015 0.0000072 0.0000004 0.0000004 0.0000002 0.0000002 0.0000003
C15   0.0000000 0.0000000 0.0000001 0.0000002 0.0000006 0.0000069 0.0000055 0.0000142 0.0001569 0.0002980 0.0015343 0.0076092 0.0232338 0.4904474 3.8705781 0.4909235 0.0248240 0.0051564 0.0026634 0.0009231 0.0002402 0.0000157 0.0000059 0.0000038 0.0000000 0.0000000 0.0000000 0.0000001 0.0000001 0.0000001 0.0000001 0.0000002 0.0000002 0.0000003 0.0000007 0.0000016 0.0000165 0.0000012 0.0000045 0.0000045 0.0000045 0.0000300 0.0001089 0.0003497 0.0000367 0.0001076 0.0031405 0.0080054 0.0008432 0.0055595 0.0054653 0.0216468 0.0192680 0.4627474 0.4600933 0.0190074 0.0208686 0.0049023 0.0022999 0.0000411 0.0000124 0.0000032 0.0000088 0.0000008 0.0000019 0.0000013 0.0000011 0.0000025
C16   0.0000000 0.0000000 0.0000000 0.0000000 0.0000001 0.0000011 0.0000006 0.0000022 0.0000241 0.0000394 0.0001157 0.0008151 0.0053753 0.0237277 0.4909235 3.8631059 0.4922642 0.0202992 0.0239979 0.0049104 0.0008604 0.0000834 0.0000342 0.0000116 0.0000000 0.0000000 0.0000000 0.0000000 0.0000000 0.0000000 0.0000001 0.0000000 0.0000000 0.0000002 0.0000001 0.0000003 0.0000032 0.0000003 0.0000004 0.0000017 0.0000006 0.0000040 0.0000307 0.0000357 0.0000140 0.0000073 0.0004053 0.0008660 0.0001124 0.0010908 0.0006604 0.0023511 0.0055460 0.0217665 0.0197823 0.4643983 0.4595908 0.0185734 0.0177167 0.0001085 0.0000585 0.0000132 0.0000629 0.0000035 0.0000084 0.0000030 0.0000031 0.0000068
C17   0.0000000 0.0000000 0.0000000 0.0000001 0.0000002 0.0000031 0.0000004 0.0000005 0.0000045 0.0000061 0.0000539 0.0004669 0.0011134 0.0093901 0.0248240 0.4922642 3.8926420 0.4650306 0.0486242 0.0396096 0.0045284 0.0004901 0.0002232 0.0000484 0.0000000 0.0000000 0.0000000 0.0000000 0.0000000 0.0000000 0.0000000 0.0000001 0.0000000 0.0000001 0.0000002 0.0000006 0.0000056 0.0000001 0.0000002 0.0000002 0.0000001 0.0000016 0.0000033 0.0000043 0.0000016 0.0000051 0.0000845 0.0002579 0.0001169 0.0000541 0.0000731 0.0101526 0.0011714 0.0055169 0.0054168 0.0207195 0.0205697 0.4617809 0.4496432 0.0005584 0.0004435 0.0000611 0.0002818 0.0000172 0.0000338 0.0000092 0.0000094 0.0000357
C18   0.0000000 0.0000000 0.0000000 0.0000000 0.0000001 0.0000007 0.0000001 0.0000001 0.0000020 0.0000015 0.0000161 0.0001140 0.0001255 0.0010275 0.0051564 0.0202992 0.4650306 2.9142567 0.6626836 0.4388887 0.0115805 0.0040380 0.0007607 0.0001838 0.0000000 0.0000000 0.0000000 0.0000000 0.0000000 0.0000000 0.0000000 0.0000000 0.0000000 0.0000001 0.0000000 0.0000002 0.0000011 0.0000000 0.0000001 0.0000001 0.0000000 0.0000009 0.0000013 0.0000010 0.0000006 0.0000012 0.0000191 0.0000577 0.0000291 0.0000134 0.0000092 0.0010040 0.0000836 0.0004262 0.0009519 0.0027106 0.0022027 0.0231598 0.0233047 0.0039126 0.0028779 0.0005288 0.0016598 0.0000697 0.0000941 0.0000648 0.0000629 0.0000895
O19   0.0000000 0.0000000 0.0000000 0.0000001 0.0000001 0.0000006 0.0000001 0.0000002 0.0000008 0.0000014 0.0000048 0.0000386 0.0002257 0.0007587 0.0026634 0.0239979 0.0486242 0.6626836 8.1251431 0.1357254 0.0126569 0.0178025 0.0015472 0.0005602 0.0000001 0.0000000 0.0000000 0.0000001 0.0000001 0.0000001 0.0000001 0.0000002 0.0000001 0.0000002 0.0000001 0.0000004 0.0000012 0.0000002 0.0000003 0.0000006 0.0000001 0.0000007 0.0000014 0.0000018 0.0000016 0.0000012 0.0000064 0.0000094 0.0000130 0.0000334 0.0000214 0.0006229 0.0000692 0.0005579 0.0000964 0.0121234 0.0089120 0.0093399 0.0092944 0.0013997 0.0081005 0.0010403 0.0263860 0.0002395 0.0001635 0.0001333 0.0001016 0.0000778
O20   0.0000000 0.0000000 0.0000000 0.0000000 0.0000000 0.0000002 0.0000001 0.0000001 0.0000004 0.0000004 0.0000030 0.0000246 0.0000234 0.0001535 0.0009231 0.0049104 0.0396096 0.4388887 0.1357254 7.9270208 0.4092602 0.0419477 0.0077031 0.0009889 0.0000001 0.0000001 0.0000000 0.0000000 0.0000001 0.0000001 0.0000001 0.0000002 0.0000000 0.0000002 0.0000001 0.0000004 0.0000004 0.0000002 0.0000002 0.0000002 0.0000001 0.0000006 0.0000005 0.0000009 0.0000006 0.0000007 0.0000055 0.0000186 0.0000058 0.0000030 0.0000040 0.0001268 0.0000191 0.0000858 0.0003258 0.0006065 0.0005374 0.0060957 0.0063246 0.0302572 0.0337149 0.0078301 0.0032948 0.0009869 0.0014101 0.0002264 0.0003597 0.0005970
C21   0.0000000 0.0000000 0.0000000 0.0000000 0.0000000 0.0000000 0.0000000 0.0000000 0.0000001 0.0000001 0.0000007 0.0000049 0.0000022 0.0000151 0.0002402 0.0008604 0.0045284 0.0115805 0.0126569 0.4092602 3.6054462 0.4796625 0.0238373 0.0095523 0.0000000 0.0000000 0.0000000 0.0000000 0.0000000 0.0000000 0.0000000 0.0000000 0.0000000 0.0000000 0.0000000 0.0000001 0.0000001 0.0000000 0.0000000 0.0000000 0.0000000 0.0000001 0.0000001 0.0000001 0.0000001 0.0000001 0.0000010 0.0000049 0.0000011 0.0000005 0.0000006 0.0000114 0.0000020 0.0000127 0.0000840 0.0000323 0.0000320 0.0002323 0.0002241 0.4475663 0.4511524 0.0211221 0.0192465 0.0051188 0.0055465 0.0014651 0.0038655 0.0045217
C22   0.0000000 0.0000000 0.0000000 0.0000000 0.0000000 0.0000000 0.0000000 0.0000000 0.0000000 0.0000000 0.0000001 0.0000008 0.0000030 0.0000099 0.0000157 0.0000834 0.0004901 0.0040380 0.0178025 0.0419477 0.4796625 3.8782294 0.4875253 0.0275868 0.0000000 0.0000000 0.0000000 0.0000000 0.0000000 0.0000000 0.0000000 0.0000000 0.0000000 0.0000000 0.0000000 0.0000000 0.0000000 0.0000000 0.0000000 0.0000000 0.0000000 0.0000001 0.0000001 0.0000001 0.0000001 0.0000000 0.0000002 0.0000003 0.0000003 0.0000003 0.0000003 0.0000087 0.0000012 0.0000031 0.0000028 0.0000409 0.0000175 0.0001673 0.0001583 0.0179554 0.0180261 0.4657926 0.4542424 0.0220591 0.0223168 0.0053019 0.0114164 0.0016350
C23   0.0000000 0.0000000 0.0000000 0.0000000 0.0000000 0.0000000 0.0000000 0.0000000 0.0000000 0.0000000 0.0000000 0.0000004 0.0000007 0.0000036 0.0000059 0.0000342 0.0002232 0.0007607 0.0015472 0.0077031 0.0238373 0.4875253 3.8765675 0.4980135 0.0000000 0.0000000 0.0000000 0.0000000 0.0000000 0.0000000 0.0000000 0.0000000 0.0000000 0.0000000 0.0000000 0.0000000 0.0000000 0.0000000 0.0000000 0.0000000 0.0000000 0.0000000 0.0000000 0.0000000 0.0000000 0.0000000 0.0000001 0.0000002 0.0000002 0.0000001 0.0000001 0.0000029 0.0000005 0.0000006 0.0000029 0.0000053 0.0000059 0.0000427 0.0000417 0.0022163 0.0043489 0.0193558 0.0198007 0.4669447 0.4737405 0.0227134 0.0211826 0.0217068
C24   0.0000000 0.0000000 0.0000000 0.0000000 0.0000000 0.0000000 0.0000000 0.0000000 0.0000000 0.0000000 0.0000000 0.0000001 0.0000002 0.0000006 0.0000038 0.0000116 0.0000484 0.0001838 0.0005602 0.0009889 0.0095523 0.0275868 0.4980135 3.9659133 0.0000000 0.0000000 0.0000000 0.0000000 0.0000000 0.0000000 0.0000000 0.0000000 0.0000000 0.0000000 0.0000000 0.0000000 0.0000000 0.0000000 0.0000000 0.0000000 0.0000000 0.0000000 0.0000000 0.0000000 0.0000000 0.0000000 0.0000000 0.0000001 0.0000000 0.0000000 0.0000000 0.0000005 0.0000001 0.0000002 0.0000012 0.0000030 0.0000013 0.0000027 0.0000053 0.0114907 0.0008890 0.0052799 0.0055721 0.0211918 0.0203082 0.4809116 0.4684610 0.4787792
H25   0.4763786 0.0202960 0.0087927 0.0008661 0.0004269 0.0001005 0.0000084 0.0000052 0.0000010 0.0000003 0.0000002 0.0000004 0.0000001 0.0000000 0.0000000 0.0000000 0.0000000 0.0000000 0.0000001 0.0000001 0.0000000 0.0000000 0.0000000 0.0000000 0.4520466 0.0200338 0.0204035 0.0009068 0.0057292 0.0014509 0.0055397 0.0000844 0.0000691 0.0000179 0.0003326 0.0000249 0.0000176 0.0000047 0.0000020 0.0000003 0.0000262 0.0000003 0.0000017 0.0000001 0.0000001 0.0000003 0.0000000 0.0000001 0.0000004 0.0000000 0.0000000 0.0000000 0.0000000 0.0000000 0.0000000 0.0000000 0.0000000 0.0000000 0.0000000 0.0000000 0.0000000 0.0000000 0.0000000 0.0000000 0.0000000 0.0000000 0.0000000 0.0000000
H26   0.4823628 0.0219583 0.0020329 0.0003978 0.0000808 0.0000241 0.0000062 0.0000093 0.0000009 0.0000007 0.0000002 0.0000003 0.0000001 0.0000000 0.0000000 0.0000000 0.0000000 0.0000000 0.0000000 0.0000001 0.0000000 0.0000000 0.0000000 0.0000000 0.0200338 0.4570554 0.0204880 0.0052465 0.0048938 0.0014252 0.0004666 0.0000753 0.0002109 0.0000209 0.0000808 0.0000065 0.0000033 0.0000047 0.0000037 0.0000012 0.0000465 0.0000004 0.0000004 0.0000001 0.0000001 0.0000001 0.0000000 0.0000001 0.0000002 0.0000000 0.0000000 0.0000000 0.0000000 0.0000000 0.0000000 0.0000000 0.0000000 0.0000000 0.0000000 0.0000000 0.0000000 0.0000000 0.0000000 0.0000000 0.0000000 0.0000000 0.0000000 0.0000000
H27   0.4818083 0.0211085 0.0053739 0.0013085 0.0000774 0.0000214 0.0000118 0.0000029 0.0000011 0.0000003 0.0000003 0.0000003 0.0000001 0.0000000 0.0000000 0.0000000 0.0000000 0.0000000 0.0000000 0.0000000 0.0000000 0.0000000 0.0000000 0.0000000 0.0204035 0.0204880 0.4569267 0.0044688 0.0009172 0.0006754 0.0002987 0.0002729 0.0000560 0.0000121 0.0000400 0.0000175 0.0000044 0.0000115 0.0000018 0.0000003 0.0000143 0.0000002 0.0000002 0.0000001 0.0000000 0.0000003 0.0000001 0.0000001 0.0000003 0.0000000 0.0000000 0.0000000 0.0000000 0.0000000 0.0000000 0.0000000 0.0000000 0.0000000 0.0000000 0.0000000 0.0000000 0.0000000 0.0000000 0.0000000 0.0000000 0.0000000 0.0000000 0.0000000
H28   0.0225373 0.4689547 0.0203972 0.0044131 0.0005713 0.0000814 0.0001361 0.0007386 0.0000742 0.0000509 0.0000030 0.0000004 0.0000005 0.0000002 0.0000001 0.0000000 0.0000000 0.0000000 0.0000001 0.0000000 0.0000000 0.0000000 0.0000000 0.0000000 0.0009068 0.0052465 0.0044688 0.4579743 0.0182820 0.0068348 0.0026486 0.0004043 0.0043186 0.0002216 0.0007495 0.0000209 0.0000054 0.0000567 0.0000978 0.0000551 0.0018461 0.0000085 0.0000103 0.0000125 0.0000020 0.0000021 0.0000027 0.0000001 0.0000004 0.0000003 0.0000001 0.0000000 0.0000002 0.0000000 0.0000001 0.0000000 0.0000000 0.0000000 0.0000000 0.0000000 0.0000000 0.0000000 0.0000000 0.0000000 0.0000000 0.0000000 0.0000000 0.0000000
H29   0.0226984 0.4595974 0.0196374 0.0024008 0.0089669 0.0010204 0.0000831 0.0000892 0.0000253 0.0000061 0.0000009 0.0000008 0.0000002 0.0000001 0.0000001 0.0000000 0.0000000 0.0000000 0.0000001 0.0000001 0.0000000 0.0000000 0.0000000 0.0000000 0.0057292 0.0048938 0.0009172 0.0182820 0.4462382 0.0014597 0.0075243 0.0003004 0.0002372 0.0010114 0.0146594 0.0003580 0.0000333 0.0000150 0.0000459 0.0000098 0.0002432 0.0000028 0.0000483 0.0000013 0.0000038 0.0000010 0.0000003 0.0000002 0.0000017 0.0000001 0.0000000 0.0000000 0.0000000 0.0000000 0.0000000 0.0000000 0.0000000 0.0000000 0.0000000 0.0000000 0.0000000 0.0000000 0.0000000 0.0000000 0.0000000 0.0000000 0.0000000 0.0000000
H30   0.0049342 0.0198850 0.4703201 0.0203451 0.0034027 0.0003307 0.0004049 0.0001042 0.0000071 0.0000056 0.0000031 0.0000009 0.0000003 0.0000001 0.0000001 0.0000000 0.0000000 0.0000000 0.0000001 0.0000001 0.0000000 0.0000000 0.0000000 0.0000000 0.0014509 0.0014252 0.0006754 0.0068348 0.0014597 0.4602890 0.0194240 0.0018745 0.0060930 0.0032237 0.0001791 0.0000384 0.0000398 0.0003169 0.0000703 0.0000100 0.0002289 0.0000038 0.0000032 0.0000008 0.0000011 0.0000041 0.0000003 0.0000002 0.0000009 0.0000001 0.0000001 0.0000000 0.0000001 0.0000000 0.0000000 0.0000000 0.0000000 0.0000000 0.0000000 0.0000000 0.0000000 0.0000000 0.0000000 0.0000000 0.0000000 0.0000000 0.0000000 0.0000000
H31   0.0052195 0.0220193 0.4635414 0.0225442 0.0062350 0.0010744 0.0000732 0.0000120 0.0000027 0.0000007 0.0000019 0.0000066 0.0000011 0.0000002 0.0000001 0.0000001 0.0000000 0.0000000 0.0000001 0.0000001 0.0000000 0.0000000 0.0000000 0.0000000 0.0055397 0.0004666 0.0002987 0.0026486 0.0075243 0.0194240 0.4637794 0.0021075 0.0030791 0.0005282 0.0003227 0.0000903 0.0003504 0.0000557 0.0000384 0.0000022 0.0000280 0.0000005 0.0000042 0.0000002 0.0000004 0.0000049 0.0000001 0.0000028 0.0000078 0.0000001 0.0000001 0.0000001 0.0000000 0.0000000 0.0000000 0.0000000 0.0000000 0.0000000 0.0000000 0.0000000 0.0000000 0.0000000 0.0000000 0.0000000 0.0000000 0.0000000 0.0000000 0.0000000
H32   0.0010745 0.0055606 0.0198823 0.4670452 0.0208889 0.0067095 0.0010846 0.0003346 0.0001117 0.0000167 0.0000058 0.0000140 0.0000020 0.0000010 0.0000002 0.0000000 0.0000001 0.0000000 0.0000002 0.0000002 0.0000000 0.0000000 0.0000000 0.0000000 0.0000844 0.0000753 0.0002729 0.0004043 0.0003004 0.0018745 0.0021075 0.4601798 0.0186125 0.0017653 0.0065641 0.0085229 0.0004355 0.0019038 0.0001025 0.0000385 0.0003374 0.0000118 0.0000897 0.0000050 0.0000026 0.0000057 0.0000010 0.0000011 0.0000331 0.0000003 0.0000001 0.0000003 0.0000002 0.0000000 0.0000001 0.0000000 0.0000000 0.0000000 0.0000000 0.0000000 0.0000000 0.0000000 0.0000000 0.0000000 0.0000000 0.0000000 0.0000000 0.0000000
H33   0.0005730 0.0049091 0.0202947 0.4516244 0.0191892 0.0022657 0.0093019 0.0033107 0.0003619 0.0001628 0.0000289 0.0000049 0.0000026 0.0000005 0.0000002 0.0000000 0.0000000 0.0000000 0.0000001 0.0000000 0.0000000 0.0000000 0.0000000 0.0000000 0.0000691 0.0002109 0.0000560 0.0043186 0.0002372 0.0060930 0.0030791 0.0186125 0.4423528 0.0072708 0.0017858 0.0003792 0.0003538 0.0153532 0.0007978 0.0002200 0.0056302 0.0000405 0.0000455 0.0000321 0.0000091 0.0000319 0.0000078 0.0000015 0.0000083 0.0000010 0.0000005 0.0000001 0.0000007 0.0000001 0.0000001 0.0000000 0.0000000 0.0000000 0.0000000 0.0000000 0.0000000 0.0000000 0.0000000 0.0000000 0.0000000 0.0000000 0.0000000 0.0000000
H34   0.0000900 0.0007459 0.0047773 0.0205569 0.4675196 0.0208963 0.0055058 0.0006195 0.0000589 0.0000095 0.0000138 0.0000254 0.0000035 0.0000019 0.0000003 0.0000002 0.0000001 0.0000001 0.0000002 0.0000002 0.0000000 0.0000000 0.0000000 0.0000000 0.0000179 0.0000209 0.0000121 0.0002216 0.0010114 0.0032237 0.0005282 0.0017653 0.0072708 0.4625431 0.0193122 0.0020746 0.0027098 0.0003931 0.0011539 0.0001264 0.0005947 0.0000052 0.0001078 0.0000024 0.0000098 0.0000229 0.0000027 0.0000037 0.0000503 0.0000004 0.0000006 0.0000005 0.0000002 0.0000001 0.0000002 0.0000000 0.0000000 0.0000000 0.0000000 0.0000000 0.0000000 0.0000000 0.0000000 0.0000000 0.0000000 0.0000000 0.0000000 0.0000000
H35   0.0010752 0.0095482 0.0021661 0.0188491 0.4551092 0.0188804 0.0023704 0.0050264 0.0017027 0.0002047 0.0000360 0.0000889 0.0000118 0.0000065 0.0000007 0.0000001 0.0000002 0.0000000 0.0000001 0.0000001 0.0000000 0.0000000 0.0000000 0.0000000 0.0003326 0.0000808 0.0000400 0.0007495 0.0146594 0.0001791 0.0003227 0.0065641 0.0017858 0.0193122 0.4402799 0.0072615 0.0010145 0.0002794 0.0003336 0.0005602 0.0062335 0.0001828 0.0023619 0.0000179 0.0001309 0.0000098 0.0000111 0.0000111 0.0002313 0.0000038 0.0000008 0.0000013 0.0000007 0.0000001 0.0000005 0.0000000 0.0000001 0.0000000 0.0000001 0.0000000 0.0000000 0.0000000 0.0000000 0.0000000 0.0000000 0.0000000 0.0000000 0.0000000
H36   0.0001191 0.0004720 0.0006591 0.0080760 0.0226265 0.4556131 0.0230317 0.0062432 0.0003765 0.0000316 0.0000801 0.0002968 0.0000364 0.0000172 0.0000016 0.0000003 0.0000006 0.0000002 0.0000004 0.0000004 0.0000001 0.0000000 0.0000000 0.0000000 0.0000249 0.0000065 0.0000175 0.0000209 0.0003580 0.0000384 0.0000903 0.0085229 0.0003792 0.0020746 0.0072615 0.4612573 0.0196253 0.0049692 0.0028895 0.0009674 0.0002791 0.0001545 0.0001193 0.0000081 0.0000108 0.0000821 0.0000051 0.0000204 0.0006139 0.0000022 0.0000012 0.0000053 0.0000006 0.0000002 0.0000012 0.0000001 0.0000001 0.0000001 0.0000004 0.0000000 0.0000000 0.0000000 0.0000000 0.0000000 0.0000000 0.0000000 0.0000000 0.0000000
H37   0.0000264 0.0000610 0.0010244 0.0053222 0.0199671 0.4659021 0.0189799 0.0012064 0.0006005 0.0001163 0.0014664 0.0065004 0.0008193 0.0002616 0.0000165 0.0000032 0.0000056 0.0000011 0.0000012 0.0000004 0.0000001 0.0000000 0.0000000 0.0000000 0.0000176 0.0000033 0.0000044 0.0000054 0.0000333 0.0000398 0.0003504 0.0004355 0.0003538 0.0027098 0.0010145 0.0196253 0.4455977 0.0073332 0.0020992 0.0003383 0.0001139 0.0000710 0.0003959 0.0000410 0.0000334 0.0012650 0.0002300 0.0009600 0.0095884 0.0000480 0.0000238 0.0000768 0.0000149 0.0000010 0.0000139 0.0000004 0.0000005 0.0000003 0.0000045 0.0000000 0.0000000 0.0000000 0.0000000 0.0000000 0.0000000 0.0000000 0.0000000 0.0000000
H38   0.0000306 0.0001026 0.0012364 0.0112547 0.0027988 0.0219877 0.4454119 0.0215887 0.0065332 0.0002651 0.0004576 0.0000722 0.0000265 0.0000056 0.0000012 0.0000003 0.0000001 0.0000000 0.0000002 0.0000002 0.0000000 0.0000000 0.0000000 0.0000000 0.0000047 0.0000047 0.0000115 0.0000567 0.0000150 0.0003169 0.0000557 0.0019038 0.0153532 0.0003931 0.0002794 0.0049692 0.0073332 0.4352913 0.0194408 0.0035860 0.0038492 0.0008424 0.0002740 0.0001399 0.0000865 0.0006532 0.0000864 0.0000326 0.0001571 0.0000098 0.0000020 0.0000009 0.0000050 0.0000002 0.0000009 0.0000000 0.0000003 0.0000001 0.0000001 0.0000000 0.0000000 0.0000000 0.0000000 0.0000000 0.0000000 0.0000000 0.0000000 0.0000000
H39   0.0000062 0.0000589 0.0001608 0.0008813 0.0070282 0.0219734 0.4573781 0.0216825 0.0014609 0.0010809 0.0055625 0.0003487 0.0001727 0.0000291 0.0000045 0.0000004 0.0000002 0.0000001 0.0000003 0.0000002 0.0000000 0.0000000 0.0000000 0.0000000 0.0000020 0.0000037 0.0000018 0.0000978 0.0000459 0.0000703 0.0000384 0.0001025 0.0007978 0.0011539 0.0003336 0.0028895 0.0020992 0.0194408 0.4560307 0.0033634 0.0093679 0.0002693 0.0001617 0.0001425 0.0004728 0.0103463 0.0004890 0.0000254 0.0000465 0.0000087 0.0000442 0.0000054 0.0000186 0.0000011 0.0000036 0.0000001 0.0000011 0.0000001 0.0000001 0.0000000 0.0000000 0.0000000 0.0000000 0.0000000 0.0000000 0.0000000 0.0000000 0.0000000
H40   0.0000041 0.0000237 0.0000167 0.0001576 0.0006415 0.0071717 0.0224120 0.4551517 0.0234410 0.0040700 0.0002761 0.0002061 0.0000807 0.0000081 0.0000045 0.0000017 0.0000002 0.0000001 0.0000006 0.0000002 0.0000000 0.0000000 0.0000000 0.0000000 0.0000003 0.0000012 0.0000003 0.0000551 0.0000098 0.0000100 0.0000022 0.0000385 0.0002200 0.0001264 0.0005602 0.0009674 0.0003383 0.0035860 0.0033634 0.4549600 0.0203170 0.0052305 0.0087570 0.0003372 0.0045176 0.0000681 0.0000522 0.0000292 0.0002080 0.0001531 0.0000088 0.0000007 0.0000042 0.0000007 0.0000013 0.0000003 0.0000002 0.0000001 0.0000001 0.0000000 0.0000000 0.0000000 0.0000000 0.0000000 0.0000000 0.0000000 0.0000000 0.0000000
H41   0.0001995 0.0011760 0.0003450 0.0031931 0.0049238 0.0019682 0.0218894 0.4501250 0.0224588 0.0071140 0.0003110 0.0000394 0.0000332 0.0000136 0.0000045 0.0000006 0.0000001 0.0000000 0.0000001 0.0000001 0.0000000 0.0000000 0.0000000 0.0000000 0.0000262 0.0000465 0.0000143 0.0018461 0.0002432 0.0002289 0.0000280 0.0003374 0.0056302 0.0005947 0.0062335 0.0002791 0.0001139 0.0038492 0.0093679 0.0203170 0.4500615 0.0035341 0.0029184 0.0011345 0.0004955 0.0001849 0.0001948 0.0000034 0.0000438 0.0000422 0.0000062 0.0000009 0.0000276 0.0000019 0.0000048 0.0000001 0.0000018 0.0000001 0.0000001 0.0000000 0.0000000 0.0000000 0.0000000 0.0000000 0.0000000 0.0000000 0.0000000 0.0000000
H42   0.0000017 0.0000054 0.0000104 0.0000387 0.0000894 0.0004334 0.0064855 0.0235002 0.4577244 0.0242894 0.0064304 0.0008874 0.0001095 0.0000491 0.0000300 0.0000040 0.0000016 0.0000009 0.0000007 0.0000006 0.0000001 0.0000001 0.0000000 0.0000000 0.0000003 0.0000004 0.0000002 0.0000085 0.0000028 0.0000038 0.0000005 0.0000118 0.0000405 0.0000052 0.0001828 0.0001545 0.0000710 0.0008424 0.0002693 0.0052305 0.0035341 0.4548258 0.0201156 0.0041254 0.0031800 0.0002712 0.0009741 0.0001210 0.0009463 0.0001545 0.0000070 0.0000229 0.0000341 0.0000024 0.0000373 0.0000003 0.0000047 0.0000005 0.0000008 0.0000000 0.0000000 0.0000000 0.0000000 0.0000000 0.0000000 0.0000000 0.0000000 0.0000000
H43   0.0000045 0.0000253 0.0000129 0.0001661 0.0012466 0.0009775 0.0012581 0.0203340 0.4590312 0.0200521 0.0018603 0.0048338 0.0016842 0.0002394 0.0001089 0.0000307 0.0000033 0.0000013 0.0000014 0.0000005 0.0000001 0.0000001 0.0000000 0.0000000 0.0000017 0.0000004 0.0000002 0.0000103 0.0000483 0.0000032 0.0000042 0.0000897 0.0000455 0.0001078 0.0023619 0.0001193 0.0003959 0.0002740 0.0001617 0.0087570 0.0029184 0.0201156 0.4545438 0.0018072 0.0082207 0.0000906 0.0003186 0.0004827 0.0089136 0.0025923 0.0001031 0.0000133 0.0000236 0.0000036 0.0000226 0.0000075 0.0000017 0.0000002 0.0000012 0.0000000 0.0000000 0.0000000 0.0000000 0.0000000 0.0000000 0.0000000 0.0000000 0.0000000
H44   0.0000005 0.0000042 0.0000009 0.0000149 0.0000140 0.0000345 0.0002542 0.0054570 0.0209925 0.4570254 0.0197793 0.0022851 0.0080929 0.0023943 0.0003497 0.0000357 0.0000043 0.0000010 0.0000018 0.0000009 0.0000001 0.0000001 0.0000000 0.0000000 0.0000001 0.0000001 0.0000001 0.0000125 0.0000013 0.0000008 0.0000002 0.0000050 0.0000321 0.0000024 0.0000179 0.0000081 0.0000410 0.0001399 0.0001425 0.0003372 0.0011345 0.0041254 0.0018072 0.4432381 0.0183724 0.0067555 0.0031279 0.0003149 0.0001544 0.0118605 0.0008610 0.0001636 0.0029538 0.0001320 0.0000313 0.0000082 0.0000129 0.0000016 0.0000039 0.0000000 0.0000000 0.0000000 0.0000000 0.0000000 0.0000000 0.0000000 0.0000000 0.0000000
H45   0.0000003 0.0000014 0.0000016 0.0000126 0.0000663 0.0001226 0.0004734 0.0052642 0.0222126 0.4605831 0.0232816 0.0075327 0.0009076 0.0001118 0.0000367 0.0000140 0.0000016 0.0000006 0.0000016 0.0000006 0.0000001 0.0000001 0.0000000 0.0000000 0.0000001 0.0000001 0.0000000 0.0000020 0.0000038 0.0000011 0.0000004 0.0000026 0.0000091 0.0000098 0.0001309 0.0000108 0.0000334 0.0000865 0.0004728 0.0045176 0.0004955 0.0031800 0.0082207 0.0183724 0.4627079 0.0022420 0.0024073 0.0011932 0.0003532 0.0007996 0.0001762 0.0000058 0.0001222 0.0000158 0.0000328 0.0000007 0.0000024 0.0000006 0.0000007 0.0000000 0.0000000 0.0000000 0.0000000 0.0000000 0.0000000 0.0000000 0.0000000 0.0000000
H46   0.0000007 0.0000021 0.0000296 0.0000922 0.0002309 0.0013736 0.0066003 0.0007408 0.0012898 0.0186145 0.4685440 0.0213181 0.0051378 0.0007278 0.0001076 0.0000073 0.0000051 0.0000012 0.0000012 0.0000007 0.0000001 0.0000000 0.0000000 0.0000000 0.0000003 0.0000001 0.0000003 0.0000021 0.0000010 0.0000041 0.0000049 0.0000057 0.0000319 0.0000229 0.0000098 0.0000821 0.0012650 0.0006532 0.0103463 0.0000681 0.0001849 0.0002712 0.0000906 0.0067555 0.0022420 0.4481184 0.0182587 0.0028737 0.0009995 0.0003466 0.0010721 0.0001653 0.0005399 0.0000268 0.0001436 0.0000020 0.0000170 0.0000014 0.0000044 0.0000000 0.0000000 0.0000000 0.0000000 0.0000000 0.0000000 0.0000000 0.0000000 0.0000000
H47   0.0000001 0.0000009 0.0000020 0.0000061 0.0000106 0.0000807 0.0004887 0.0002665 0.0064260 0.0211955 0.4506805 0.0214971 0.0044798 0.0126264 0.0031405 0.0004053 0.0000845 0.0000191 0.0000064 0.0000055 0.0000010 0.0000002 0.0000001 0.0000000 0.0000000 0.0000000 0.0000001 0.0000027 0.0000003 0.0000003 0.0000001 0.0000010 0.0000078 0.0000027 0.0000111 0.0000051 0.0002300 0.0000864 0.0004890 0.0000522 0.0001948 0.0009741 0.0003186 0.0031279 0.0024073 0.0182587 0.4458632 0.0014789 0.0064779 0.0002282 0.0004416 0.0013979 0.0130837 0.0004350 0.0031496 0.0000314 0.0005732 0.0000409 0.0000315 0.0000002 0.0000002 0.0000001 0.0000001 0.0000000 0.0000000 0.0000000 0.0000000 0.0000000
H48   0.0000003 0.0000003 0.0000070 0.0000262 0.0000525 0.0003382 0.0000561 0.0000397 0.0005930 0.0049390 0.0206795 0.4666522 0.0196641 0.0020497 0.0080054 0.0008660 0.0002579 0.0000577 0.0000094 0.0000186 0.0000049 0.0000003 0.0000002 0.0000001 0.0000001 0.0000001 0.0000001 0.0000001 0.0000002 0.0000002 0.0000028 0.0000011 0.0000015 0.0000037 0.0000111 0.0000204 0.0009600 0.0000326 0.0000254 0.0000292 0.0000034 0.0001210 0.0004827 0.0003149 0.0011932 0.0028737 0.0014789 0.4547983 0.0176735 0.0058874 0.0022826 0.0003387 0.0001530 0.0006327 0.0135384 0.0000363 0.0000455 0.0000086 0.0000204 0.0000008 0.0000003 0.0000001 0.0000001 0.0000000 0.0000001 0.0000000 0.0000000 0.0000001
H49   0.0000013 0.0000031 0.0000289 0.0001413 0.0004168 0.0051123 0.0004274 0.0004392 0.0072816 0.0030109 0.0193967 0.4595790 0.0220002 0.0054968 0.0008432 0.0001124 0.0001169 0.0000291 0.0000130 0.0000058 0.0000011 0.0000003 0.0000002 0.0000000 0.0000004 0.0000002 0.0000003 0.0000004 0.0000017 0.0000009 0.0000078 0.0000331 0.0000083 0.0000503 0.0002313 0.0006139 0.0095884 0.0001571 0.0000465 0.0002080 0.0000438 0.0009463 0.0089136 0.0001544 0.0003532 0.0009995 0.0064779 0.0176735 0.4468521 0.0022050 0.0023153 0.0007241 0.0003951 0.0000579 0.0008257 0.0000170 0.0000271 0.0000065 0.0000819 0.0000002 0.0000001 0.0000000 0.0000002 0.0000000 0.0000000 0.0000000 0.0000000 0.0000000
H50   0.0000001 0.0000002 0.0000002 0.0000012 0.0000021 0.0000166 0.0000180 0.0002935 0.0019255 0.0078476 0.0020289 0.0191998 0.4651394 0.0211189 0.0055595 0.0010908 0.0000541 0.0000134 0.0000334 0.0000030 0.0000005 0.0000003 0.0000001 0.0000000 0.0000000 0.0000000 0.0000000 0.0000003 0.0000001 0.0000001 0.0000001 0.0000003 0.0000010 0.0000004 0.0000038 0.0000022 0.0000480 0.0000098 0.0000087 0.0001531 0.0000422 0.0001545 0.0025923 0.0118605 0.0007996 0.0003466 0.0002282 0.0058874 0.0022050 0.4514898 0.0179973 0.0023729 0.0015671 0.0003764 0.0003041 0.0003369 0.0000338 0.0000053 0.0000352 0.0000001 0.0000001 0.0000000 0.0000002 0.0000000 0.0000000 0.0000000 0.0000000 0.0000000
H51   0.0000001 0.0000002 0.0000003 0.0000011 0.0000020 0.0000095 0.0000202 0.0000161 0.0000881 0.0009740 0.0062946 0.0221372 0.4660531 0.0217686 0.0054653 0.0006604 0.0000731 0.0000092 0.0000214 0.0000040 0.0000006 0.0000003 0.0000001 0.0000000 0.0000000 0.0000000 0.0000000 0.0000001 0.0000000 0.0000001 0.0000001 0.0000001 0.0000005 0.0000006 0.0000008 0.0000012 0.0000238 0.0000020 0.0000442 0.0000088 0.0000062 0.0000070 0.0001031 0.0008610 0.0001762 0.0010721 0.0004416 0.0022826 0.0023153 0.0179973 0.4607161 0.0032612 0.0063079 0.0049921 0.0002565 0.0000386 0.0003523 0.0000267 0.0000789 0.0000001 0.0000002 0.0000001 0.0000001 0.0000000 0.0000000 0.0000000 0.0000000 0.0000000
H52   0.0000000 0.0000000 0.0000006 0.0000014 0.0000024 0.0000401 0.0000101 0.0000073 0.0000381 0.0001284 0.0014463 0.0059075 0.0222372 0.4550991 0.0216468 0.0023511 0.0101526 0.0010040 0.0006229 0.0001268 0.0000114 0.0000087 0.0000029 0.0000005 0.0000000 0.0000000 0.0000000 0.0000000 0.0000000 0.0000000 0.0000001 0.0000003 0.0000001 0.0000005 0.0000013 0.0000053 0.0000768 0.0000009 0.0000054 0.0000007 0.0000009 0.0000229 0.0000133 0.0001636 0.0000058 0.0001653 0.0013979 0.0003387 0.0007241 0.0023729 0.0032612 0.4541671 0.0187787 0.0034818 0.0068990 0.0002875 0.0003481 0.0011978 0.0137804 0.0000022 0.0000048 0.0000007 0.0000064 0.0000003 0.0000003 0.0000001 0.0000001 0.0000002
H53   0.0000000 0.0000001 0.0000002 0.0000007 0.0000010 0.0000059 0.0000212 0.0000903 0.0002783 0.0019281 0.0064007 0.0016545 0.0181856 0.4615088 0.0192680 0.0055460 0.0011714 0.0000836 0.0000692 0.0000191 0.0000020 0.0000012 0.0000005 0.0000001 0.0000000 0.0000000 0.0000000 0.0000002 0.0000000 0.0000001 0.0000000 0.0000002 0.0000007 0.0000002 0.0000007 0.0000006 0.0000149 0.0000050 0.0000186 0.0000042 0.0000276 0.0000341 0.0000236 0.0029538 0.0001222 0.0005399 0.0130837 0.0001530 0.0003951 0.0015671 0.0063079 0.0187787 0.4486104 0.0066157 0.0009852 0.0004395 0.0050445 0.0002503 0.0017638 0.0000004 0.0000006 0.0000008 0.0000005 0.0000001 0.0000001 0.0000000 0.0000000 0.0000000
H54   0.0000000 0.0000000 0.0000000 0.0000001 0.0000002 0.0000007 0.0000010 0.0000037 0.0000172 0.0001167 0.0002359 0.0005289 0.0043978 0.0210332 0.4627474 0.0217665 0.0055169 0.0004262 0.0005579 0.0000858 0.0000127 0.0000031 0.0000006 0.0000002 0.0000000 0.0000000 0.0000000 0.0000000 0.0000000 0.0000000 0.0000000 0.0000000 0.0000001 0.0000001 0.0000001 0.0000002 0.0000010 0.0000002 0.0000011 0.0000007 0.0000019 0.0000024 0.0000036 0.0001320 0.0000158 0.0000268 0.0004350 0.0006327 0.0000579 0.0003764 0.0049921 0.0034818 0.0066157 0.4612473 0.0181362 0.0016775 0.0070999 0.0048180 0.0002747 0.0000016 0.0000044 0.0000007 0.0000015 0.0000001 0.0000002 0.0000001 0.0000001 0.0000001
H55   0.0000000 0.0000001 0.0000001 0.0000003 0.0000006 0.0000049 0.0000051 0.0000053 0.0001333 0.0003286 0.0022495 0.0084960 0.0028362 0.0190593 0.4600933 0.0197823 0.0054168 0.0009519 0.0000964 0.0003258 0.0000840 0.0000028 0.0000029 0.0000012 0.0000000 0.0000000 0.0000000 0.0000001 0.0000000 0.0000000 0.0000000 0.0000001 0.0000001 0.0000002 0.0000005 0.0000012 0.0000139 0.0000009 0.0000036 0.0000013 0.0000048 0.0000373 0.0000226 0.0000313 0.0000328 0.0001436 0.0031496 0.0135384 0.0008257 0.0003041 0.0002565 0.0068990 0.0009852 0.0181362 0.4426853 0.0022700 0.0018608 0.0003862 0.0003271 0.0000137 0.0000051 0.0000008 0.0000008 0.0000003 0.0000007 0.0000003 0.0000003 0.0000011
H56   0.0000000 0.0000000 0.0000000 0.0000001 0.0000001 0.0000003 0.0000002 0.0000005 0.0000028 0.0000047 0.0000065 0.0000517 0.0010398 0.0056699 0.0190074 0.4643983 0.0207195 0.0027106 0.0121234 0.0006065 0.0000323 0.0000409 0.0000053 0.0000030 0.0000000 0.0000000 0.0000000 0.0000000 0.0000000 0.0000000 0.0000000 0.0000000 0.0000000 0.0000000 0.0000000 0.0000001 0.0000004 0.0000000 0.0000001 0.0000003 0.0000001 0.0000003 0.0000075 0.0000082 0.0000007 0.0000020 0.0000314 0.0000363 0.0000170 0.0003369 0.0000386 0.0002875 0.0004395 0.0016775 0.0022700 0.4328634 0.0173593 0.0015241 0.0064078 0.0000108 0.0000124 0.0000034 0.0000330 0.0000006 0.0000006 0.0000006 0.0000004 0.0000008
H57   0.0000000 0.0000000 0.0000000 0.0000000 0.0000001 0.0000002 0.0000013 0.0000014 0.0000230 0.0000347 0.0002220 0.0000736 0.0005326 0.0053160 0.0208686 0.4595908 0.0205697 0.0022027 0.0089120 0.0005374 0.0000320 0.0000175 0.0000059 0.0000013 0.0000000 0.0000000 0.0000000 0.0000000 0.0000000 0.0000000 0.0000000 0.0000000 0.0000000 0.0000000 0.0000001 0.0000001 0.0000005 0.0000003 0.0000011 0.0000002 0.0000018 0.0000047 0.0000017 0.0000129 0.0000024 0.0000170 0.0005732 0.0000455 0.0000271 0.0000338 0.0003523 0.0003481 0.0050445 0.0070999 0.0018608 0.0173593 0.4396959 0.0067848 0.0021422 0.0000069 0.0000142 0.0000029 0.0000105 0.0000008 0.0000007 0.0000003 0.0000003 0.0000006
H58   0.0000000 0.0000000 0.0000000 0.0000000 0.0000001 0.0000002 0.0000002 0.0000002 0.0000017 0.0000032 0.0000211 0.0000268 0.0000734 0.0007939 0.0049023 0.0185734 0.4617809 0.0231598 0.0093399 0.0060957 0.0002323 0.0001673 0.0000427 0.0000027 0.0000000 0.0000000 0.0000000 0.0000000 0.0000000 0.0000000 0.0000000 0.0000000 0.0000000 0.0000000 0.0000000 0.0000001 0.0000003 0.0000001 0.0000001 0.0000001 0.0000001 0.0000005 0.0000002 0.0000016 0.0000006 0.0000014 0.0000409 0.0000086 0.0000065 0.0000053 0.0000267 0.0011978 0.0002503 0.0048180 0.0003862 0.0015241 0.0067848 0.4214608 0.0159294 0.0000292 0.0001030 0.0000081 0.0000340 0.0000035 0.0000099 0.0000012 0.0000010 0.0000020
H59   0.0000000 0.0000000 0.0000001 0.0000001 0.0000002 0.0000027 0.0000003 0.0000003 0.0000019 0.0000034 0.0000354 0.0003372 0.0010967 0.0097219 0.0022999 0.0177167 0.4496432 0.0233047 0.0092944 0.0063246 0.0002241 0.0001583 0.0000417 0.0000053 0.0000000 0.0000000 0.0000000 0.0000000 0.0000000 0.0000000 0.0000000 0.0000000 0.0000000 0.0000000 0.0000001 0.0000004 0.0000045 0.0000001 0.0000001 0.0000001 0.0000001 0.0000008 0.0000012 0.0000039 0.0000007 0.0000044 0.0000315 0.0000204 0.0000819 0.0000352 0.0000789 0.0137804 0.0017638 0.0002747 0.0003271 0.0064078 0.0021422 0.0159294 0.4016661 0.0000230 0.0002074 0.0000480 0.0000802 0.0000084 0.0000042 0.0000024 0.0000018 0.0000017
H60   0.0000000 0.0000000 0.0000000 0.0000000 0.0000000 0.0000000 0.0000000 0.0000000 0.0000000 0.0000000 0.0000001 0.0000009 0.0000003 0.0000032 0.0000411 0.0001085 0.0005584 0.0039126 0.0013997 0.0302572 0.4475663 0.0179554 0.0022163 0.0114907 0.0000000 0.0000000 0.0000000 0.0000000 0.0000000 0.0000000 0.0000000 0.0000000 0.0000000 0.0000000 0.0000000 0.0000000 0.0000000 0.0000000 0.0000000 0.0000000 0.0000000 0.0000000 0.0000000 0.0000000 0.0000000 0.0000000 0.0000002 0.0000008 0.0000002 0.0000001 0.0000001 0.0000022 0.0000004 0.0000016 0.0000137 0.0000108 0.0000069 0.0000292 0.0000230 0.4134095 0.0163803 0.0018482 0.0059806 0.0003138 0.0002113 0.0013971 0.0057380 0.0065630
H61   0.0000000 0.0000000 0.0000000 0.0000000 0.0000000 0.0000000 0.0000000 0.0000000 0.0000000 0.0000000 0.0000001 0.0000007 0.0000013 0.0000050 0.0000124 0.0000585 0.0004435 0.0028779 0.0081005 0.0337149 0.4511524 0.0180261 0.0043489 0.0008890 0.0000000 0.0000000 0.0000000 0.0000000 0.0000000 0.0000000 0.0000000 0.0000000 0.0000000 0.0000000 0.0000000 0.0000000 0.0000000 0.0000000 0.0000000 0.0000000 0.0000000 0.0000000 0.0000000 0.0000000 0.0000000 0.0000000 0.0000002 0.0000003 0.0000001 0.0000001 0.0000002 0.0000048 0.0000006 0.0000044 0.0000051 0.0000124 0.0000142 0.0001030 0.0002074 0.0163803 0.4271168 0.0064179 0.0019782 0.0049046 0.0004536 0.0000972 0.0005024 0.0007692
H62   0.0000000 0.0000000 0.0000000 0.0000000 0.0000000 0.0000000 0.0000000 0.0000000 0.0000000 0.0000000 0.0000001 0.0000002 0.0000006 0.0000015 0.0000032 0.0000132 0.0000611 0.0005288 0.0010403 0.0078301 0.0211221 0.4657926 0.0193558 0.0052799 0.0000000 0.0000000 0.0000000 0.0000000 0.0000000 0.0000000 0.0000000 0.0000000 0.0000000 0.0000000 0.0000000 0.0000000 0.0000000 0.0000000 0.0000000 0.0000000 0.0000000 0.0000000 0.0000000 0.0000000 0.0000000 0.0000000 0.0000001 0.0000001 0.0000000 0.0000000 0.0000001 0.0000007 0.0000008 0.0000007 0.0000008 0.0000034 0.0000029 0.0000081 0.0000480 0.0018482 0.0064179 0.4562880 0.0174388 0.0066960 0.0020323 0.0002881 0.0067255 0.0004943
H63   0.0000000 0.0000000 0.0000000 0.0000000 0.0000000 0.0000000 0.0000000 0.0000000 0.0000000 0.0000000 0.0000001 0.0000006 0.0000025 0.0000072 0.0000088 0.0000629 0.0002818 0.0016598 0.0263860 0.0032948 0.0192465 0.4542424 0.0198007 0.0055721 0.0000000 0.0000000 0.0000000 0.0000000 0.0000000 0.0000000 0.0000000 0.0000000 0.0000000 0.0000000 0.0000000 0.0000000 0.0000000 0.0000000 0.0000000 0.0000000 0.0000000 0.0000000 0.0000000 0.0000000 0.0000000 0.0000000 0.0000001 0.0000001 0.0000002 0.0000002 0.0000001 0.0000064 0.0000005 0.0000015 0.0000008 0.0000330 0.0000105 0.0000340 0.0000802 0.0059806 0.0019782 0.0174388 0.4038869 0.0024712 0.0024698 0.0009988 0.0009746 0.0003752
H64   0.0000000 0.0000000 0.0000000 0.0000000 0.0000000 0.0000000 0.0000000 0.0000000 0.0000000 0.0000000 0.0000000 0.0000001 0.0000001 0.0000004 0.0000008 0.0000035 0.0000172 0.0000697 0.0002395 0.0009869 0.0051188 0.0220591 0.4669447 0.0211918 0.0000000 0.0000000 0.0000000 0.0000000 0.0000000 0.0000000 0.0000000 0.0000000 0.0000000 0.0000000 0.0000000 0.0000000 0.0000000 0.0000000 0.0000000 0.0000000 0.0000000 0.0000000 0.0000000 0.0000000 0.0000000 0.0000000 0.0000000 0.0000000 0.0000000 0.0000000 0.0000000 0.0000003 0.0000001 0.0000001 0.0000003 0.0000006 0.0000008 0.0000035 0.0000084 0.0003138 0.0049046 0.0066960 0.0024712 0.4522871 0.0178852 0.0008631 0.0061288 0.0042208
H65   0.0000000 0.0000000 0.0000000 0.0000000 0.0000000 0.0000000 0.0000000 0.0000000 0.0000000 0.0000000 0.0000000 0.0000001 0.0000001 0.0000004 0.0000019 0.0000084 0.0000338 0.0000941 0.0001635 0.0014101 0.0055465 0.0223168 0.4737405 0.0203082 0.0000000 0.0000000 0.0000000 0.0000000 0.0000000 0.0000000 0.0000000 0.0000000 0.0000000 0.0000000 0.0000000 0.0000000 0.0000000 0.0000000 0.0000000 0.0000000 0.0000000 0.0000000 0.0000000 0.0000000 0.0000000 0.0000000 0.0000000 0.0000001 0.0000000 0.0000000 0.0000000 0.0000003 0.0000001 0.0000002 0.0000007 0.0000006 0.0000007 0.0000099 0.0000042 0.0002113 0.0004536 0.0020323 0.0024698 0.0178852 0.4529476 0.0042972 0.0008157 0.0051441
H66   0.0000000 0.0000000 0.0000000 0.0000000 0.0000000 0.0000000 0.0000000 0.0000000 0.0000000 0.0000000 0.0000000 0.0000000 0.0000001 0.0000002 0.0000013 0.0000030 0.0000092 0.0000648 0.0001333 0.0002264 0.0014651 0.0053019 0.0227134 0.4809116 0.0000000 0.0000000 0.0000000 0.0000000 0.0000000 0.0000000 0.0000000 0.0000000 0.0000000 0.0000000 0.0000000 0.0000000 0.0000000 0.0000000 0.0000000 0.0000000 0.0000000 0.0000000 0.0000000 0.0000000 0.0000000 0.0000000 0.0000000 0.0000000 0.0000000 0.0000000 0.0000000 0.0000001 0.0000000 0.0000001 0.0000003 0.0000006 0.0000003 0.0000012 0.0000024 0.0013971 0.0000972 0.0002881 0.0009988 0.0008631 0.0042972 0.4457773 0.0181294 0.0181470
H67   0.0000000 0.0000000 0.0000000 0.0000000 0.0000000 0.0000000 0.0000000 0.0000000 0.0000000 0.0000000 0.0000000 0.0000000 0.0000001 0.0000002 0.0000011 0.0000031 0.0000094 0.0000629 0.0001016 0.0003597 0.0038655 0.0114164 0.0211826 0.4684610 0.0000000 0.0000000 0.0000000 0.0000000 0.0000000 0.0000000 0.0000000 0.0000000 0.0000000 0.0000000 0.0000000 0.0000000 0.0000000 0.0000000 0.0000000 0.0000000 0.0000000 0.0000000 0.0000000 0.0000000 0.0000000 0.0000000 0.0000000 0.0000000 0.0000000 0.0000000 0.0000000 0.0000001 0.0000000 0.0000001 0.0000003 0.0000004 0.0000003 0.0000010 0.0000018 0.0057380 0.0005024 0.0067255 0.0009746 0.0061288 0.0008157 0.0181294 0.4406516 0.0186758
H68   0.0000000 0.0000000 0.0000000 0.0000000 0.0000000 0.0000000 0.0000000 0.0000000 0.0000000 0.0000000 0.0000000 0.0000001 0.0000001 0.0000003 0.0000025 0.0000068 0.0000357 0.0000895 0.0000778 0.0005970 0.0045217 0.0016350 0.0217068 0.4787792 0.0000000 0.0000000 0.0000000 0.0000000 0.0000000 0.0000000 0.0000000 0.0000000 0.0000000 0.0000000 0.0000000 0.0000000 0.0000000 0.0000000 0.0000000 0.0000000 0.0000000 0.0000000 0.0000000 0.0000000 0.0000000 0.0000000 0.0000000 0.0000001 0.0000000 0.0000000 0.0000000 0.0000002 0.0000000 0.0000001 0.0000011 0.0000008 0.0000006 0.0000020 0.0000017 0.0065630 0.0007692 0.0004943 0.0003752 0.0042208 0.0051441 0.0181470 0.0186758 0.4446165
