                                                       593conf_1.sum LIDI values in a Matrix 
                                                    Note the DI values are divided by 2

          C1        C2        C3        C4        C5        C6        C7        C8        C9        C10       C11       C12       C13       H14       H15       H16       H17       H18       H19       H20       H21       H22       H23       H24       H25       

C1    3.9725458 0.5108696 0.0276174 0.0049033 0.0024277 0.0002372 0.0002238 0.0000355 0.0001518 0.0000373 0.0002379 0.0051304 0.0288747 0.4752505 0.4777466 0.4746858 0.0064286 0.0007005 0.0000391 0.0000029 0.0000106 0.0000031 0.0000450 0.0007211 0.0071496
C2    0.5108696 3.8740516 0.6815177 0.0344842 0.0406177 0.0023887 0.0033203 0.0003881 0.0024633 0.0004123 0.0034366 0.0347175 0.6788890 0.0207985 0.0200874 0.0219203 0.0239147 0.0044340 0.0003107 0.0000248 0.0001550 0.0000280 0.0003463 0.0045147 0.0237531
C3    0.0276174 0.6815177 3.9588756 0.6931676 0.0343899 0.0050015 0.0012673 0.0003771 0.0004377 0.0001766 0.0014810 0.0500083 0.0373148 0.0057192 0.0062993 0.0063654 0.4786400 0.0234694 0.0003203 0.0000492 0.0000425 0.0000154 0.0010526 0.0028013 0.0049059
C4    0.0049033 0.0344842 0.6931676 3.9512754 0.6720391 0.0266407 0.0089392 0.0013208 0.0037898 0.0014925 0.0147183 0.0362498 0.0509761 0.0010026 0.0005536 0.0007737 0.0242768 0.4720486 0.0004741 0.0001937 0.0002635 0.0000850 0.0105204 0.0048134 0.0028665
C5    0.0024277 0.0406177 0.0343899 0.6720391 3.8779178 0.5245560 0.0255777 0.0050723 0.0026203 0.0046531 0.0276162 0.6726672 0.0340810 0.0011113 0.0005083 0.0025586 0.0047043 0.0227156 0.0046970 0.0007680 0.0002042 0.0007094 0.0054900 0.0235288 0.0046503
C6    0.0002372 0.0023887 0.0050015 0.0266407 0.5245560 3.8817367 0.6822672 0.0353438 0.0457423 0.0338284 0.6592540 0.0270239 0.0049704 0.0000856 0.0000579 0.0001635 0.0007451 0.0048441 0.0235811 0.0047524 0.0025083 0.0050783 0.0226125 0.0052425 0.0007111
C7    0.0002238 0.0033203 0.0012673 0.0089392 0.0255777 0.6822672 3.9430914 0.6946896 0.0359610 0.0462309 0.0359472 0.0123194 0.0011917 0.0000901 0.0000584 0.0002621 0.0001880 0.0004958 0.4736509 0.0243008 0.0049017 0.0025137 0.0044244 0.0079848 0.0000629
C8    0.0000355 0.0003881 0.0003771 0.0013208 0.0050723 0.0353438 0.6946896 3.9565180 0.6895469 0.0367866 0.0536824 0.0012129 0.0001343 0.0000123 0.0000071 0.0000309 0.0000477 0.0003912 0.0238153 0.4822673 0.0254925 0.0053976 0.0029470 0.0008432 0.0000133
C9    0.0001518 0.0024633 0.0004377 0.0037898 0.0026203 0.0457423 0.0359610 0.6895469 3.9614968 0.6985887 0.0375092 0.0037509 0.0004230 0.0000686 0.0000432 0.0002115 0.0000254 0.0003643 0.0049296 0.0247858 0.4803625 0.0250280 0.0046974 0.0003584 0.0000273
C10   0.0000373 0.0004123 0.0001766 0.0014925 0.0046531 0.0338284 0.0462309 0.0367866 0.6985887 3.9459384 0.7016533 0.0012946 0.0003595 0.0000150 0.0000068 0.0000313 0.0000111 0.0009845 0.0025184 0.0046678 0.0233720 0.4799103 0.0238152 0.0003052 0.0000472
C11   0.0002379 0.0034366 0.0014810 0.0147183 0.0276162 0.6592540 0.0359472 0.0536824 0.0375092 0.7016533 3.9489220 0.0092084 0.0013593 0.0001079 0.0000536 0.0002632 0.0000710 0.0096350 0.0053195 0.0030064 0.0052946 0.0241459 0.4722905 0.0005217 0.0001941
C12   0.0051304 0.0347175 0.0500083 0.0362498 0.6726672 0.0270239 0.0123194 0.0012129 0.0037509 0.0012946 0.0092084 3.9466063 0.6939865 0.0006411 0.0011025 0.0006896 0.0028099 0.0048417 0.0073467 0.0000622 0.0002472 0.0002084 0.0005532 0.4754084 0.0243895
C13   0.0288747 0.6788890 0.0373148 0.0509761 0.0340810 0.0049704 0.0011917 0.0001343 0.0004230 0.0003595 0.0013593 0.6939865 3.9536793 0.0068205 0.0052837 0.0062355 0.0050125 0.0027512 0.0007857 0.0000132 0.0000397 0.0000496 0.0004094 0.0237131 0.4794295
H14   0.4752505 0.0207985 0.0057192 0.0010026 0.0011113 0.0000856 0.0000901 0.0000123 0.0000686 0.0000150 0.0001079 0.0006411 0.0068205 0.4359427 0.0191841 0.0192977 0.0005739 0.0001593 0.0000076 0.0000011 0.0000045 0.0000011 0.0000204 0.0000443 0.0041593
H15   0.4777466 0.0200874 0.0062993 0.0005536 0.0005083 0.0000579 0.0000584 0.0000071 0.0000432 0.0000068 0.0000536 0.0011025 0.0052837 0.0191841 0.4398985 0.0194192 0.0047359 0.0000508 0.0000063 0.0000009 0.0000027 0.0000004 0.0000031 0.0001958 0.0007343
H16   0.4746858 0.0219203 0.0063654 0.0007737 0.0025586 0.0001635 0.0002621 0.0000309 0.0002115 0.0000313 0.0002632 0.0006896 0.0062355 0.0192977 0.0194192 0.4332196 0.0003476 0.0000581 0.0000169 0.0000019 0.0000131 0.0000024 0.0000101 0.0000373 0.0005948
H17   0.0064286 0.0239147 0.4786400 0.0242768 0.0047043 0.0007451 0.0001880 0.0000477 0.0000254 0.0000111 0.0000710 0.0028099 0.0050125 0.0005739 0.0047359 0.0003476 0.4343213 0.0029989 0.0000276 0.0000128 0.0000027 0.0000007 0.0000591 0.0001779 0.0011035
H18   0.0007005 0.0044340 0.0234694 0.4720486 0.0227156 0.0048441 0.0004958 0.0003912 0.0003643 0.0009845 0.0096350 0.0048417 0.0027512 0.0001593 0.0000508 0.0000581 0.0029989 0.4234117 0.0000402 0.0000318 0.0000518 0.0000667 0.0118677 0.0010975 0.0001780
H19   0.0000391 0.0003107 0.0003203 0.0004741 0.0046970 0.0235811 0.4736509 0.0238153 0.0049296 0.0025184 0.0053195 0.0073467 0.0007857 0.0000076 0.0000063 0.0000169 0.0000276 0.0000402 0.4307594 0.0031367 0.0008616 0.0002126 0.0010947 0.0089643 0.0000497
H20   0.0000029 0.0000248 0.0000492 0.0001937 0.0007680 0.0047524 0.0243008 0.4822673 0.0247858 0.0046678 0.0030064 0.0000622 0.0000132 0.0000011 0.0000009 0.0000019 0.0000128 0.0000318 0.0031367 0.4324384 0.0034547 0.0009457 0.0001731 0.0000487 0.0000008
H21   0.0000106 0.0001550 0.0000425 0.0002635 0.0002042 0.0025083 0.0049017 0.0254925 0.4803625 0.0233720 0.0052946 0.0002472 0.0000397 0.0000045 0.0000027 0.0000131 0.0000027 0.0000518 0.0008616 0.0034547 0.4317640 0.0033654 0.0009337 0.0000476 0.0000028
H22   0.0000031 0.0000280 0.0000154 0.0000850 0.0007094 0.0050783 0.0025137 0.0053976 0.0250280 0.4799103 0.0241459 0.0002084 0.0000496 0.0000011 0.0000004 0.0000024 0.0000007 0.0000667 0.0002126 0.0009457 0.0033654 0.4313456 0.0031794 0.0000298 0.0000134
H23   0.0000450 0.0003463 0.0010526 0.0105204 0.0054900 0.0226125 0.0044244 0.0029470 0.0046974 0.0238152 0.4722905 0.0005532 0.0004094 0.0000204 0.0000031 0.0000101 0.0000591 0.0118677 0.0010947 0.0001731 0.0009337 0.0031794 0.4266604 0.0000405 0.0000329
H24   0.0007211 0.0045147 0.0028013 0.0048134 0.0235288 0.0052425 0.0079848 0.0008432 0.0003584 0.0003052 0.0005217 0.4754084 0.0237131 0.0000443 0.0001958 0.0000373 0.0001779 0.0010975 0.0089643 0.0000487 0.0000476 0.0000298 0.0000405 0.4304516 0.0028968
H25   0.0071496 0.0237531 0.0049059 0.0028665 0.0046503 0.0007111 0.0000629 0.0000133 0.0000273 0.0000472 0.0001941 0.0243895 0.4794295 0.0041593 0.0007343 0.0005948 0.0011035 0.0001780 0.0000497 0.0000008 0.0000028 0.0000134 0.0000329 0.0028968 0.4369969
