

C1 3.9672830 0.5065542 0.0284367 0.0048602 0.0026131 0.0005640 0.0051143 0.0259378 0.0127188 0.4784939
C2 0.5065542 3.8865810 0.6754507 0.0372886 0.0426909 0.0067282 0.0355834 0.6726073 0.0248784 0.0196647
C3 0.0284367 0.6754507 3.9446254 0.7036318 0.0344851 0.0074084 0.0496041 0.0341403 0.0042551 0.0072946
C4 0.0048602 0.0372886 0.7036318 3.9432916 0.6625133 0.0517377 0.0356656 0.0474136 0.0027177 0.0006110
C5 0.0026131 0.0426909 0.0344851 0.6625133 3.5643931 0.4499759 0.6737261 0.0339999 0.0048129 0.0002306
O6 0.0005640 0.0067282 0.0074084 0.0517377 0.4499759 8.1283814 0.0530883 0.0074102 0.0010188 0.0000683
C7 0.0051143 0.0355834 0.0496041 0.0356656 0.6737261 0.0530883 3.9557768 0.6728069 0.0294852 0.0008554
C8 0.0259378 0.6726073 0.0341403 0.0474136 0.0339999 0.0074102 0.6728069 3.8762833 0.5129907 0.0041609
C9 0.0127188 0.0248784 0.0042551 0.0027177 0.0048129 0.0010188 0.0294852 0.5129907 3.9738391 0.0019230
