

C1 3.9745475 0.4996949 0.0209732 0.0078653 0.0006440 0.0148227 0.0027103 0.4685753
C2 0.4996949 3.8740274 0.4544430 0.0483971 0.0034603 0.0434450 0.0029543 0.0195999
C3 0.0209732 0.4544430 3.1325588 0.4056592 0.0173412 0.4071312 0.0160734 0.0029808
O4 0.0078653 0.0483971 0.4056592 7.9269931 0.4480053 0.0739151 0.0039590 0.0005894
C5 0.0006440 0.0034603 0.0173412 0.4480053 3.6019564 0.0041324 0.0005199 0.0000668
O6 0.0148227 0.0434450 0.4071312 0.0739151 0.0041324 7.9456258 0.4423271 0.0164749
C7 0.0027103 0.0029543 0.0160734 0.0039590 0.0005199 0.4423271 3.5894462 0.0043539
