

C1 3.6599287 0.4390134 0.0141310 0.0044366 0.0011445 0.0009473 0.0010391 0.0108912 0.4571935
O2 0.4390134 7.8935937 0.4620806 0.0506361 0.0079897 0.0127066 0.0081013 0.0537804 0.0354090
C3 0.0141310 0.4620806 3.5667562 0.6532682 0.0350458 0.0474366 0.0332234 0.6647100 0.0032625
C4 0.0044366 0.0506361 0.6532682 3.9629821 0.6905226 0.0616683 0.0463853 0.0345363 0.0005786
C5 0.0011445 0.0079897 0.0350458 0.6905226 3.5433967 0.6427258 0.0242159 0.0459258 0.0002859
N6 0.0009473 0.0127066 0.0474366 0.0616683 0.6427258 6.5650955 0.6628958 0.0636507 0.0009632
C7 0.0010391 0.0081013 0.0332234 0.0463853 0.0242159 0.6628958 3.5104745 0.6647144 0.0008777
C8 0.0108912 0.0537804 0.6647100 0.0345363 0.0459258 0.0636507 0.6647144 3.9699184 0.0098307
