

C1 3.9783322 0.4903329 0.0296319 0.0244360 0.0073288 0.0006048 0.0001635 0.0007149 0.4726368
C2 0.4903329 3.7897663 0.4937320 0.4832631 0.0219260 0.0058972 0.0019899 0.0026989 0.0196251
C3 0.0296319 0.4937320 3.9644893 0.0249040 0.0068904 0.0008249 0.0004934 0.0003091 0.0049941
C4 0.0244360 0.4832631 0.0249040 3.8777747 0.4716861 0.0359228 0.0109229 0.0176830 0.0085515
C5 0.0073288 0.0219260 0.0068904 0.4716861 3.7326969 0.4107050 0.0422173 0.0401521 0.0037001
N6 0.0006048 0.0058972 0.0008249 0.0359228 0.4107050 4.6404194 0.8545608 0.7664423 0.0002559
O7 0.0001635 0.0019899 0.0004934 0.0109229 0.0422173 0.8545608 7.2484838 0.2179587 0.0001860
O8 0.0007149 0.0026989 0.0003091 0.0176830 0.0401521 0.7664423 0.2179587 7.3497630 0.0003001
