

C1 3.9615268 0.4941882 0.0307017 0.0061138 0.0005779 0.0016798 0.0001969 0.0000782 0.0000669 0.4785747
C2 0.4941882 3.8748396 0.4892859 0.0244277 0.0042202 0.0155323 0.0008718 0.0002931 0.0001947 0.0221085
C3 0.0307017 0.4892859 3.8743395 0.4932473 0.0228295 0.0043184 0.0062343 0.0015167 0.0014412 0.0052575
C4 0.0061138 0.0244277 0.4932473 3.8762463 0.4878266 0.0343682 0.0213891 0.0033281 0.0023719 0.0005495
C5 0.0005779 0.0042202 0.0228295 0.4878266 3.5816423 0.4678638 0.3943310 0.0309227 0.0224170 0.0000453
O6 0.0016798 0.0155323 0.0043184 0.0343682 0.4678638 7.8360544 0.4704141 0.0432596 0.0212017 0.0001049
C7 0.0001969 0.0008718 0.0062343 0.0213891 0.3943310 0.4704141 3.6535920 0.4851046 0.0707087 0.0000207
C8 0.0000782 0.0002931 0.0015167 0.0033281 0.0309227 0.0432596 0.4851046 3.2553183 0.7378291 0.0000051
O9 0.0000669 0.0001947 0.0014412 0.0023719 0.0224170 0.0212017 0.0707087 0.7378291 8.1453822 0.0000052
