

C1 4.0953043 0.5540863 0.0215979 0.0081795 0.0016329 0.0005310 0.0005490 0.0001478 0.0000439 0.4754786
S2 0.5540863 14.6418970 0.5515002 0.0478120 0.0062936 0.0040219 0.0012677 0.0004019 0.0001381 0.0311343
C3 0.0215979 0.5515002 4.0910664 0.5357588 0.0173591 0.0145335 0.0043274 0.0010928 0.0018549 0.0061252
S4 0.0081795 0.0478120 0.5357588 14.5047685 0.5518744 0.1264328 0.0355744 0.0063401 0.0206422 0.0011510
C5 0.0016329 0.0062936 0.0173591 0.5518744 3.2911215 0.7062498 0.4701973 0.0213563 0.0319616 0.0000653
O6 0.0005310 0.0040219 0.0145335 0.1264328 0.7062498 8.0928258 0.0519565 0.0300493 0.0112379 0.0000722
C7 0.0005490 0.0012677 0.0043274 0.0355744 0.4701973 0.0519565 3.8359712 0.4886736 0.4829300 0.0000185
C8 0.0001478 0.0004019 0.0010928 0.0063401 0.0213563 0.0300493 0.4886736 3.9500358 0.0251833 0.0000058
C9 0.0000439 0.0001381 0.0018549 0.0206422 0.0319616 0.0112379 0.4829300 0.0251833 3.9800688 0.0000076
