

C1 3.9642050 0.4946196 0.0284827 0.0054362 0.0005492 0.0005490 0.0076680 0.0221331 0.0075891 0.4726631
C2 0.4946196 3.8063199 0.4775497 0.0227046 0.0041841 0.0011085 0.0421746 0.4715475 0.0207124 0.0192564
C3 0.0284827 0.4775497 3.8830102 0.4834216 0.0265607 0.0116564 0.0089739 0.0204692 0.0061168 0.0025824
C4 0.0054362 0.0227046 0.4834216 3.8934457 0.4766529 0.0576871 0.0415576 0.0024365 0.0006483 0.0003886
C5 0.0005492 0.0041841 0.0265607 0.4766529 2.9284599 0.7007165 0.4379752 0.0103852 0.0049330 0.0000435
O6 0.0005490 0.0011085 0.0116564 0.0576871 0.7007165 8.0976524 0.1200820 0.0098292 0.0038295 0.0000379
O7 0.0076680 0.0421746 0.0089739 0.0415576 0.4379752 0.1200820 7.8721778 0.3986563 0.0465612 0.0005965
C8 0.0221331 0.4715475 0.0204692 0.0024365 0.0103852 0.0098292 0.3986563 3.5498527 0.4846238 0.0027154
C9 0.0075891 0.0207124 0.0061168 0.0006483 0.0049330 0.0038295 0.0465612 0.4846238 3.9745699 0.0080363
