

C1 4.0051855 0.4916472 0.0627407 0.0269098 0.0098258 0.0010659 0.0015284 0.0002998 0.0043093 0.4687319
C2 0.4916472 3.2430364 0.6837148 0.5328820 0.0337909 0.0081040 0.0172908 0.0015301 0.0308867 0.0242035
O3 0.0627407 0.6837148 8.1543331 0.0660732 0.0280226 0.0077854 0.0164376 0.0010194 0.0259159 0.0127820
C4 0.0269098 0.5328820 0.0660732 3.6111738 0.6704884 0.0432033 0.0573213 0.0061971 0.5307845 0.0038465
C5 0.0098258 0.0337909 0.0280226 0.6704884 3.9631041 0.6751180 0.0415595 0.0046842 0.0840331 0.0015402
C6 0.0010659 0.0081040 0.0077854 0.0432033 0.6751180 3.9716799 0.6860839 0.0243837 0.0765254 0.0002320
C7 0.0015284 0.0172908 0.0164376 0.0573213 0.0415595 0.6860839 3.5814026 0.5099342 0.5530224 0.0010799
C8 0.0002998 0.0015301 0.0010194 0.0061971 0.0046842 0.0243837 0.5099342 3.9773713 0.0381266 0.0000892
N9 0.0043093 0.0308867 0.0259159 0.5307845 0.0840331 0.0765254 0.5530224 0.0381266 6.4495145 0.0007089
