

C1 3.6779962 0.4290137 0.0123176 0.0206298 0.0044208 0.0009839 0.0002186 0.0000148 0.0000838 0.4645282
O2 0.4290137 7.9038346 0.4364779 0.1361391 0.0396491 0.0053896 0.0008810 0.0001449 0.0003285 0.0346873
C3 0.0123176 0.4364779 2.9414210 0.6707886 0.4760082 0.0210140 0.0051976 0.0009763 0.0011019 0.0042802
O4 0.0206298 0.1361391 0.6707886 8.1454760 0.0471711 0.0199106 0.0024081 0.0007238 0.0001112 0.0029346
C5 0.0044208 0.0396491 0.4760082 0.0471711 3.8928301 0.4914104 0.0266160 0.0106485 0.0053673 0.0005807
C6 0.0009839 0.0053896 0.0210140 0.0199106 0.4914104 3.8652287 0.4781703 0.0238352 0.0254515 0.0001060
C7 0.0002186 0.0008810 0.0051976 0.0024081 0.0266160 0.4781703 3.7958470 0.4927485 0.4893655 0.0000299
C8 0.0000148 0.0001449 0.0009763 0.0007238 0.0106485 0.0238352 0.4927485 3.9683465 0.0279637 0.0000092
C9 0.0000838 0.0003285 0.0011019 0.0001112 0.0053673 0.0254515 0.4893655 0.0279637 3.9595009 0.0000088
