

C1 4.0149906 0.8990825 0.0357037 0.0224344 0.0035430 0.0115358 0.0007531 0.0027342 0.0217378 0.4834678
C2 0.8990825 3.9615925 0.5306468 0.0259514 0.0073450 0.0027285 0.0004443 0.0045590 0.0419293 0.0317197
C3 0.0357037 0.5306468 3.5390606 0.6480384 0.0500133 0.0391258 0.0026199 0.0242298 0.6177824 0.0062934
C4 0.0224344 0.0259514 0.6480384 3.5835912 0.6580047 0.0237310 0.0054120 0.0487100 0.0568742 0.0016173
N5 0.0035430 0.0073450 0.0500133 0.6580047 6.4728604 0.6441937 0.0416196 0.0573675 0.0625563 0.0002451
C6 0.0115358 0.0027285 0.0391258 0.0237310 0.6441937 3.5004749 0.4975987 0.6270926 0.0544366 0.0005848
C7 0.0007531 0.0004443 0.0026199 0.0054120 0.0416196 0.4975987 3.9881757 0.0266695 0.0070142 0.0000435
C8 0.0027342 0.0045590 0.0242298 0.0487100 0.0573675 0.6270926 0.0266695 3.5435600 0.6714971 0.0002958
N9 0.0217378 0.0419293 0.6177824 0.0568742 0.0625563 0.0544366 0.0070142 0.6714971 6.4964165 0.0016329
