

C1 3.9547802 0.4954026 0.0320834 0.0089794 0.0020376 0.0017061 0.0020674 0.0007714 0.0059902 0.4752276
C2 0.4954026 3.8945020 0.5009663 0.0277216 0.0119161 0.0050066 0.0030625 0.0045658 0.0178586 0.0224604
C3 0.0320834 0.5009663 3.8652146 0.7739682 0.0636378 0.0524686 0.0396838 0.0272437 0.5028516 0.0070956
C4 0.0089794 0.0277216 0.7739682 3.6044812 0.4611817 0.5101665 0.0606124 0.0311931 0.0354600 0.0020659
O5 0.0020376 0.0119161 0.0636378 0.4611817 8.1640078 0.0364553 0.0210732 0.0063172 0.0077381 0.0006319
C6 0.0017061 0.0050066 0.0524686 0.5101665 0.0364553 3.2407343 0.7029149 0.4792471 0.0255115 0.0001918
O7 0.0020674 0.0030625 0.0396838 0.0606124 0.0210732 0.7029149 8.1420934 0.0558625 0.0092219 0.0003150
C8 0.0007714 0.0045658 0.0272437 0.0311931 0.0063172 0.4792471 0.0558625 3.9356761 0.4904945 0.0000860
C9 0.0059902 0.0178586 0.5028516 0.0354600 0.0077381 0.0255115 0.0092219 0.4904945 3.8856510 0.0005765
