

C1 3.6486307 0.4353468 0.0133866 0.0100499 0.0010227 0.0005950 0.0010830 0.0001745 0.0044077 0.4606222
O2 0.4353468 7.9589885 0.4507958 0.0587162 0.0085147 0.0123666 0.0071411 0.0007567 0.0526429 0.0392702
C3 0.0133866 0.4507958 3.5446642 0.6591112 0.0351874 0.0424558 0.0344531 0.0045215 0.6562490 0.0023453
C4 0.0100499 0.0587162 0.6591112 3.9761583 0.6904482 0.0372980 0.0463386 0.0027385 0.0334329 0.0025180
C5 0.0010227 0.0085147 0.0351874 0.6904482 3.9348866 0.7012065 0.0354161 0.0050754 0.0486367 0.0002516
C6 0.0005950 0.0123666 0.0424558 0.0372980 0.7012065 3.9644136 0.6731545 0.0282676 0.0371713 0.0008094
C7 0.0010830 0.0071411 0.0344531 0.0463386 0.0354161 0.6731545 3.8621282 0.5117494 0.6861350 0.0003682
C8 0.0001745 0.0007567 0.0045215 0.0027385 0.0050754 0.0282676 0.5117494 3.9741649 0.0280700 0.0000283
C9 0.0044077 0.0526429 0.6562490 0.0334329 0.0486367 0.0371713 0.6861350 0.0280700 3.9377176 0.0012327
