

O1 8.1136301 0.7251218 0.0707234 0.0430705 0.0045512 0.0085637 0.0015904 0.0078907 0.0021498 0.0574743
C2 0.7251218 3.2792219 0.5416687 0.0445956 0.0081261 0.0047761 0.0011850 0.0044998 0.0019680 0.4498665
C3 0.0707234 0.5416687 3.9656624 0.8121852 0.0346402 0.0272761 0.0041662 0.0188174 0.0170553 0.0256347
C4 0.0430705 0.0445956 0.8121852 3.9519278 0.5618678 0.0307612 0.0052395 0.0121449 0.0353425 0.0051479
C5 0.0045512 0.0081261 0.0346402 0.5618678 3.5491424 0.6756878 0.0410816 0.0721291 0.4717365 0.0005463
C6 0.0085637 0.0047761 0.0272761 0.0307612 0.6756878 3.9624939 0.6698177 0.0446589 0.0822066 0.0001635
C7 0.0015904 0.0011850 0.0041662 0.0052395 0.0410816 0.6698177 3.9674542 0.7171054 0.0820597 0.0000520
C8 0.0078907 0.0044998 0.0188174 0.0121449 0.0721291 0.0446589 0.7171054 3.6474398 0.4875844 0.0001909
O9 0.0021498 0.0019680 0.0170553 0.0353425 0.4717365 0.0822066 0.0820597 0.4875844 7.8988335 0.0003850
