

C1 3.9607911 0.4933725 0.0291923 0.0270237 0.0087899 0.0016249 0.0009628 0.0003380 0.0000335 0.4713376
C2 0.4933725 3.8646057 0.4900181 0.0347101 0.0320401 0.0051983 0.0012998 0.0008456 0.0000658 0.0220496
C3 0.0291923 0.4900181 3.9921411 0.5383682 0.5252029 0.0191306 0.0059081 0.0050369 0.0009979 0.0097903
S4 0.0270237 0.0347101 0.5383682 14.5712418 0.0734247 0.0094641 0.1153849 0.0014355 0.0009001 0.0061682
S5 0.0087899 0.0320401 0.5252029 0.0734247 14.6030933 0.5247024 0.0745856 0.0282379 0.0204170 0.0016986
C6 0.0016249 0.0051983 0.0191306 0.0094641 0.5247024 3.9939655 0.5361547 0.4900667 0.0279401 0.0000760
S7 0.0009628 0.0012998 0.0059081 0.1153849 0.0745856 0.5361547 14.6507806 0.0367899 0.0103770 0.0001544
C8 0.0003380 0.0008456 0.0050369 0.0014355 0.0282379 0.4900667 0.0367899 3.8631833 0.4961890 0.0000232
C9 0.0000335 0.0000658 0.0009979 0.0009001 0.0204170 0.0279401 0.0103770 0.4961890 3.9686451 0.0000047
