

C1 3.9696757 0.4963242 0.0230210 0.0084851 0.0016613 0.0021517 0.0045457 0.0121325 0.0018065 0.4735013
C2 0.4963242 3.8606042 0.4971369 0.0252751 0.0195899 0.0017748 0.0014058 0.0142780 0.0005799 0.0200467
C3 0.0230210 0.4971369 3.8032147 0.4747969 0.5011135 0.0207226 0.0023202 0.0033477 0.0005231 0.0026959
C4 0.0084851 0.0252751 0.4747969 3.9564807 0.0260430 0.0031409 0.0002418 0.0005750 0.0000674 0.0011186
C5 0.0016613 0.0195899 0.5011135 0.0260430 3.8527419 0.4995239 0.0211085 0.0200222 0.0058161 0.0001204
C6 0.0021517 0.0017748 0.0207226 0.0031409 0.4995239 3.8966499 0.4853029 0.0509556 0.0376279 0.0002092
C7 0.0045457 0.0014058 0.0023202 0.0002418 0.0211085 0.4853029 2.9401847 0.6721935 0.4288460 0.0012815
O8 0.0121325 0.0142780 0.0033477 0.0005750 0.0200222 0.0509556 0.6721935 8.0925361 0.1462115 0.0091845
O9 0.0018065 0.0005799 0.0005231 0.0000674 0.0058161 0.0376279 0.4288460 0.1462115 8.1108417 0.0009657
